450 lat long pcc pcn mem st bw sd cost service task
1 44.625262 10.893088 2.18337 3 2.86092 12.87719 0 9.76457 7.3525 1 2 
2 44.654346 10.909586 0.71682 4 0.55814 11.9808 0 0.97351 9.3325 3 1 
3 44.690933 10.969304 1.61198 2 1.87511 14.73976 0 4.65248 5.3325 5 1 
4 44.628245 10.808032 6.17007 1 7.85673 37.57603 0 6.59389 3.7975 4 4 
5 44.849179 11.069823 1.26791 1 3.04286 21.33838 0 7.54948 3.3550 2 2 
6 44.587891 10.946703 2.18337 3 2.86092 12.87719 0 9.76457 7.3525 1 2 
7 44.644635 10.842004 1.26791 1 3.04286 21.33838 0 7.54948 3.3550 2 2 
8 44.630468 10.935947 0.71682 4 0.55814 11.9808 0 0.97351 9.3325 3 1 
9 44.589114 10.858776 1.61198 2 1.87511 14.73976 0 4.65248 5.3325 5 1 
10 44.726452 10.910250 6.17007 1 7.85673 37.57603 0 6.59389 3.7975 4 4 
11 44.689813 10.913941 6.17007 1 7.85673 37.57603 0 6.59389 3.7975 4 4 
12 44.661508 10.889147 1.26791 1 3.04286 21.33838 0 7.54948 3.3550 2 2 
13 44.675540 11.041978 6.17007 1 7.85673 37.57603 0 6.59389 3.7975 4 4 
14 44.619638 10.941135 2.18337 3 2.86092 12.87719 0 9.76457 7.3525 1 2 
15 44.651896 10.917380 2.18337 3 2.86092 12.87719 0 9.76457 7.3525 1 2 
16 44.655313 10.964801 6.17007 1 7.85673 37.57603 0 6.59389 3.7975 4 4 
17 44.646774 10.921880 6.17007 1 7.85673 37.57603 0 6.59389 3.7975 4 4 
18 44.628446 10.914559 6.17007 1 7.85673 37.57603 0 6.59389 3.7975 4 4 
19 44.656930 10.898282 1.61198 2 1.87511 14.73976 0 4.65248 5.3325 5 1 
20 44.678402 10.930480 1.26791 1 3.04286 21.33838 0 7.54948 3.3550 2 2 
21 44.748232 11.002663 2.18337 3 2.86092 12.87719 0 9.76457 7.3525 1 2 
22 44.641209 10.921766 1.26791 1 3.04286 21.33838 0 7.54948 3.3550 2 2 
23 44.629226 10.927507 2.18337 3 2.86092 12.87719 0 9.76457 7.3525 1 2 
24 44.666572 10.892736 1.26791 1 3.04286 21.33838 0 7.54948 3.3550 2 2 
25 44.643496 10.945125 6.17007 1 7.85673 37.57603 0 6.59389 3.7975 4 4 
26 44.659224 10.892006 0.71682 4 0.55814 11.9808 0 0.97351 9.3325 3 1 
27 44.624635 10.940973 2.18337 3 2.86092 12.87719 0 9.76457 7.3525 1 2 
28 44.624822 10.945836 2.18337 3 2.86092 12.87719 0 9.76457 7.3525 1 2 
29 44.632474 10.934182 1.61198 2 1.87511 14.73976 0 4.65248 5.3325 5 1 
30 44.623001 10.924100 1.26791 1 3.04286 21.33838 0 7.54948 3.3550 2 2 
31 44.662103 10.964165 1.61198 2 1.87511 14.73976 0 4.65248 5.3325 5 1 
32 44.628929 10.888966 6.17007 1 7.85673 37.57603 0 6.59389 3.7975 4 4 
33 44.643508 10.886377 0.71682 4 0.55814 11.9808 0 0.97351 9.3325 3 1 
34 44.632606 10.952201 1.26791 1 3.04286 21.33838 0 7.54948 3.3550 2 2 
35 44.626869 10.925723 6.17007 1 7.85673 37.57603 0 6.59389 3.7975 4 4 
36 44.343638 10.729244 2.18337 3 2.86092 12.87719 0 9.76457 7.3525 1 2 
37 44.625980 10.944816 2.18337 3 2.86092 12.87719 0 9.76457 7.3525 1 2 
38 44.655157 10.937415 2.18337 3 2.86092 12.87719 0 9.76457 7.3525 1 2 
39 44.656471 10.939548 6.17007 1 7.85673 37.57603 0 6.59389 3.7975 4 4 
40 44.668201 10.936144 6.17007 1 7.85673 37.57603 0 6.59389 3.7975 4 4 
41 44.636720 10.901462 1.26791 1 3.04286 21.33838 0 7.54948 3.3550 2 2 
42 44.637160 10.934742 6.17007 1 7.85673 37.57603 0 6.59389 3.7975 4 4 
43 44.578835 10.829993 6.17007 1 7.85673 37.57603 0 6.59389 3.7975 4 4 
44 44.619716 10.928593 6.17007 1 7.85673 37.57603 0 6.59389 3.7975 4 4 
45 44.641515 10.891953 2.18337 3 2.86092 12.87719 0 9.76457 7.3525 1 2 
46 44.609558 10.850379 1.61198 2 1.87511 14.73976 0 4.65248 5.3325 5 1 
47 44.660988 10.921575 0.71682 4 0.55814 11.9808 0 0.97351 9.3325 3 1 
48 44.645148 10.888136 2.18337 3 2.86092 12.87719 0 9.76457 7.3525 1 2 
49 44.538036 10.793516 1.61198 2 1.87511 14.73976 0 4.65248 5.3325 5 1 
50 44.636345 10.904913 1.61198 2 1.87511 14.73976 0 4.65248 5.3325 5 1 
51 44.635266 10.928746 0.71682 4 0.55814 11.9808 0 0.97351 9.3325 3 1 
52 44.630800 10.902486 6.17007 1 7.85673 37.57603 0 6.59389 3.7975 4 4 
53 44.640801 10.923262 6.17007 1 7.85673 37.57603 0 6.59389 3.7975 4 4 
54 44.641915 10.915624 1.26791 1 3.04286 21.33838 0 7.54948 3.3550 2 2 
55 44.649044 10.900630 2.18337 3 2.86092 12.87719 0 9.76457 7.3525 1 2 
56 44.685449 10.966954 0.71682 4 0.55814 11.9808 0 0.97351 9.3325 3 1 
57 44.674822 10.934524 6.17007 1 7.85673 37.57603 0 6.59389 3.7975 4 4 
58 44.580008 10.911161 6.17007 1 7.85673 37.57603 0 6.59389 3.7975 4 4 
59 44.640578 10.914095 6.17007 1 7.85673 37.57603 0 6.59389 3.7975 4 4 
60 44.644122 10.942273 1.61198 2 1.87511 14.73976 0 4.65248 5.3325 5 1 
61 44.636749 10.932037 1.61198 2 1.87511 14.73976 0 4.65248 5.3325 5 1 
62 44.651712 10.875960 2.18337 3 2.86092 12.87719 0 9.76457 7.3525 1 2 
63 44.789957 10.875245 6.17007 1 7.85673 37.57603 0 6.59389 3.7975 4 4 
64 44.649759 10.900387 0.71682 4 0.55814 11.9808 0 0.97351 9.3325 3 1 
65 44.632273 10.868276 1.26791 1 3.04286 21.33838 0 7.54948 3.3550 2 2 
66 44.608459 10.978220 0.71682 4 0.55814 11.9808 0 0.97351 9.3325 3 1 
67 44.692672 10.967912 1.26791 1 3.04286 21.33838 0 7.54948 3.3550 2 2 
68 44.658118 10.932318 1.61198 2 1.87511 14.73976 0 4.65248 5.3325 5 1 
69 44.679634 10.946879 0.71682 4 0.55814 11.9808 0 0.97351 9.3325 3 1 
70 44.644888 10.922599 2.18337 3 2.86092 12.87719 0 9.76457 7.3525 1 2 
71 44.645348 10.917547 6.17007 1 7.85673 37.57603 0 6.59389 3.7975 4 4 
72 44.633436 10.903916 1.61198 2 1.87511 14.73976 0 4.65248 5.3325 5 1 
73 44.662176 10.929089 1.61198 2 1.87511 14.73976 0 4.65248 5.3325 5 1 
74 44.649814 10.918457 1.61198 2 1.87511 14.73976 0 4.65248 5.3325 5 1 
75 44.587664 10.970517 6.17007 1 7.85673 37.57603 0 6.59389 3.7975 4 4 
76 44.672678 10.951920 2.18337 3 2.86092 12.87719 0 9.76457 7.3525 1 2 
77 44.647343 10.927732 1.26791 1 3.04286 21.33838 0 7.54948 3.3550 2 2 
78 44.643751 10.942125 0.71682 4 0.55814 11.9808 0 0.97351 9.3325 3 1 
79 44.727825 10.919785 2.18337 3 2.86092 12.87719 0 9.76457 7.3525 1 2 
80 44.660306 10.965302 0.71682 4 0.55814 11.9808 0 0.97351 9.3325 3 1 
81 44.689272 10.916227 6.17007 1 7.85673 37.57603 0 6.59389 3.7975 4 4 
82 44.612507 10.983511 0.71682 4 0.55814 11.9808 0 0.97351 9.3325 3 1 
83 44.645163 10.909004 0.71682 4 0.55814 11.9808 0 0.97351 9.3325 3 1 
84 44.651934 10.928912 1.61198 2 1.87511 14.73976 0 4.65248 5.3325 5 1 
85 44.652880 10.934645 6.17007 1 7.85673 37.57603 0 6.59389 3.7975 4 4 
86 44.632542 10.935307 0.71682 4 0.55814 11.9808 0 0.97351 9.3325 3 1 
87 44.639710 10.948131 6.17007 1 7.85673 37.57603 0 6.59389 3.7975 4 4 
88 44.633370 10.946570 0.71682 4 0.55814 11.9808 0 0.97351 9.3325 3 1 
89 44.660409 10.962256 2.18337 3 2.86092 12.87719 0 9.76457 7.3525 1 2 
90 44.659720 10.920255 6.17007 1 7.85673 37.57603 0 6.59389 3.7975 4 4 
91 44.660123 10.911161 1.26791 1 3.04286 21.33838 0 7.54948 3.3550 2 2 
92 44.626128 10.929277 0.71682 4 0.55814 11.9808 0 0.97351 9.3325 3 1 
93 44.636780 10.930377 0.71682 4 0.55814 11.9808 0 0.97351 9.3325 3 1 
94 44.668198 10.938464 2.18337 3 2.86092 12.87719 0 9.76457 7.3525 1 2 
95 44.645871 10.915881 1.26791 1 3.04286 21.33838 0 7.54948 3.3550 2 2 
96 44.634077 10.950419 1.61198 2 1.87511 14.73976 0 4.65248 5.3325 5 1 
97 44.622888 10.891130 0.71682 4 0.55814 11.9808 0 0.97351 9.3325 3 1 
98 44.636236 10.921261 2.18337 3 2.86092 12.87719 0 9.76457 7.3525 1 2 
99 44.893451 11.065997 1.26791 1 3.04286 21.33838 0 7.54948 3.3550 2 2 
100 44.654197 10.890697 6.17007 1 7.85673 37.57603 0 6.59389 3.7975 4 4 
101 44.650509 10.933601 1.61198 2 1.87511 14.73976 0 4.65248 5.3325 5 1 
102 44.540266 10.793640 1.61198 2 1.87511 14.73976 0 4.65248 5.3325 5 1 
103 44.310038 10.792578 1.26791 1 3.04286 21.33838 0 7.54948 3.3550 2 2 
104 44.709584 10.902220 1.61198 2 1.87511 14.73976 0 4.65248 5.3325 5 1 
105 44.602274 10.969724 2.18337 3 2.86092 12.87719 0 9.76457 7.3525 1 2 
106 44.632987 10.933990 2.18337 3 2.86092 12.87719 0 9.76457 7.3525 1 2 
107 44.638403 10.876708 6.17007 1 7.85673 37.57603 0 6.59389 3.7975 4 4 
108 44.655428 10.872448 6.17007 1 7.85673 37.57603 0 6.59389 3.7975 4 4 
109 44.646758 10.928595 1.61198 2 1.87511 14.73976 0 4.65248 5.3325 5 1 
110 44.659276 10.892642 2.18337 3 2.86092 12.87719 0 9.76457 7.3525 1 2 
111 44.612217 10.909517 0.71682 4 0.55814 11.9808 0 0.97351 9.3325 3 1 
112 44.647191 10.919890 6.17007 1 7.85673 37.57603 0 6.59389 3.7975 4 4 
113 44.675135 10.959429 1.26791 1 3.04286 21.33838 0 7.54948 3.3550 2 2 
114 44.645191 10.923256 1.61198 2 1.87511 14.73976 0 4.65248 5.3325 5 1 
115 44.843135 11.146038 1.61198 2 1.87511 14.73976 0 4.65248 5.3325 5 1 
116 44.639786 10.891890 1.26791 1 3.04286 21.33838 0 7.54948 3.3550 2 2 
117 44.523177 10.859042 1.61198 2 1.87511 14.73976 0 4.65248 5.3325 5 1 
118 44.643031 10.934915 1.26791 1 3.04286 21.33838 0 7.54948 3.3550 2 2 
119 44.661658 10.888580 1.26791 1 3.04286 21.33838 0 7.54948 3.3550 2 2 
120 44.634604 10.954887 1.26791 1 3.04286 21.33838 0 7.54948 3.3550 2 2 
121 44.643877 10.926382 1.61198 2 1.87511 14.73976 0 4.65248 5.3325 5 1 
122 44.632230 10.947447 1.26791 1 3.04286 21.33838 0 7.54948 3.3550 2 2 
123 44.637345 10.917497 0.71682 4 0.55814 11.9808 0 0.97351 9.3325 3 1 
124 44.639564 10.907711 1.61198 2 1.87511 14.73976 0 4.65248 5.3325 5 1 
125 44.530257 11.019961 1.61198 2 1.87511 14.73976 0 4.65248 5.3325 5 1 
126 44.646381 10.918656 0.71682 4 0.55814 11.9808 0 0.97351 9.3325 3 1 
127 44.629817 10.911359 0.71682 4 0.55814 11.9808 0 0.97351 9.3325 3 1 
128 44.595873 10.974174 1.26791 1 3.04286 21.33838 0 7.54948 3.3550 2 2 
129 44.645864 10.922327 2.18337 3 2.86092 12.87719 0 9.76457 7.3525 1 2 
130 44.643803 10.890940 0.71682 4 0.55814 11.9808 0 0.97351 9.3325 3 1 
131 44.626551 10.943452 2.18337 3 2.86092 12.87719 0 9.76457 7.3525 1 2 
132 44.622090 10.926164 0.71682 4 0.55814 11.9808 0 0.97351 9.3325 3 1 
133 44.634954 10.894250 2.18337 3 2.86092 12.87719 0 9.76457 7.3525 1 2 
134 44.661757 10.893162 1.26791 1 3.04286 21.33838 0 7.54948 3.3550 2 2 
135 44.671481 10.894920 1.61198 2 1.87511 14.73976 0 4.65248 5.3325 5 1 
136 44.662918 10.925206 2.18337 3 2.86092 12.87719 0 9.76457 7.3525 1 2 
137 44.646286 10.850892 6.17007 1 7.85673 37.57603 0 6.59389 3.7975 4 4 
138 44.642490 10.932997 0.71682 4 0.55814 11.9808 0 0.97351 9.3325 3 1 
139 44.644858 10.933528 1.61198 2 1.87511 14.73976 0 4.65248 5.3325 5 1 
140 44.643318 10.940758 1.26791 1 3.04286 21.33838 0 7.54948 3.3550 2 2 
141 44.641756 10.899191 0.71682 4 0.55814 11.9808 0 0.97351 9.3325 3 1 
142 44.658186 10.902136 6.17007 1 7.85673 37.57603 0 6.59389 3.7975 4 4 
143 44.642101 10.913961 1.61198 2 1.87511 14.73976 0 4.65248 5.3325 5 1 
144 44.633559 10.959935 0.71682 4 0.55814 11.9808 0 0.97351 9.3325 3 1 
145 44.887139 11.065114 1.61198 2 1.87511 14.73976 0 4.65248 5.3325 5 1 
146 44.660254 10.883688 1.61198 2 1.87511 14.73976 0 4.65248 5.3325 5 1 
147 44.598609 10.959842 0.71682 4 0.55814 11.9808 0 0.97351 9.3325 3 1 
148 44.650799 10.802457 6.17007 1 7.85673 37.57603 0 6.59389 3.7975 4 4 
149 44.572426 10.941783 2.18337 3 2.86092 12.87719 0 9.76457 7.3525 1 2 
150 44.632161 10.795203 2.18337 3 2.86092 12.87719 0 9.76457 7.3525 1 2 
151 44.605376 10.997620 0.71682 4 0.55814 11.9808 0 0.97351 9.3325 3 1 
152 44.660671 10.960148 2.18337 3 2.86092 12.87719 0 9.76457 7.3525 1 2 
153 44.654678 10.942877 1.26791 1 3.04286 21.33838 0 7.54948 3.3550 2 2 
154 44.645480 10.924387 0.71682 4 0.55814 11.9808 0 0.97351 9.3325 3 1 
155 44.658013 10.947920 1.61198 2 1.87511 14.73976 0 4.65248 5.3325 5 1 
156 44.642258 10.911866 1.26791 1 3.04286 21.33838 0 7.54948 3.3550 2 2 
157 44.657915 10.914884 1.61198 2 1.87511 14.73976 0 4.65248 5.3325 5 1 
158 44.624450 10.911829 1.26791 1 3.04286 21.33838 0 7.54948 3.3550 2 2 
159 44.636898 10.955762 2.18337 3 2.86092 12.87719 0 9.76457 7.3525 1 2 
160 44.627781 10.934815 2.18337 3 2.86092 12.87719 0 9.76457 7.3525 1 2 
161 44.600898 10.981489 1.61198 2 1.87511 14.73976 0 4.65248 5.3325 5 1 
162 44.517551 10.859047 2.18337 3 2.86092 12.87719 0 9.76457 7.3525 1 2 
163 44.624900 10.898891 1.61198 2 1.87511 14.73976 0 4.65248 5.3325 5 1 
164 44.623420 10.916989 2.18337 3 2.86092 12.87719 0 9.76457 7.3525 1 2 
165 44.662299 10.963512 1.26791 1 3.04286 21.33838 0 7.54948 3.3550 2 2 
166 44.656542 10.947323 0.71682 4 0.55814 11.9808 0 0.97351 9.3325 3 1 
167 44.619807 10.930975 6.17007 1 7.85673 37.57603 0 6.59389 3.7975 4 4 
168 44.643665 10.903189 0.71682 4 0.55814 11.9808 0 0.97351 9.3325 3 1 
169 44.647459 10.922236 1.26791 1 3.04286 21.33838 0 7.54948 3.3550 2 2 
170 44.626559 10.927149 6.17007 1 7.85673 37.57603 0 6.59389 3.7975 4 4 
171 44.614015 10.951830 2.18337 3 2.86092 12.87719 0 9.76457 7.3525 1 2 
172 44.747142 10.976170 2.18337 3 2.86092 12.87719 0 9.76457 7.3525 1 2 
173 44.647162 10.927196 1.61198 2 1.87511 14.73976 0 4.65248 5.3325 5 1 
174 44.624878 10.930252 1.26791 1 3.04286 21.33838 0 7.54948 3.3550 2 2 
175 44.656419 10.909598 2.18337 3 2.86092 12.87719 0 9.76457 7.3525 1 2 
176 44.628273 10.918385 1.26791 1 3.04286 21.33838 0 7.54948 3.3550 2 2 
177 44.634261 10.870183 1.26791 1 3.04286 21.33838 0 7.54948 3.3550 2 2 
178 44.675603 11.016675 1.26791 1 3.04286 21.33838 0 7.54948 3.3550 2 2 
179 44.679100 11.030249 1.26791 1 3.04286 21.33838 0 7.54948 3.3550 2 2 
180 44.641509 10.901891 1.61198 2 1.87511 14.73976 0 4.65248 5.3325 5 1 
181 44.646353 10.922097 2.18337 3 2.86092 12.87719 0 9.76457 7.3525 1 2 
182 44.656842 10.944167 1.26791 1 3.04286 21.33838 0 7.54948 3.3550 2 2 
183 44.630360 10.921717 1.61198 2 1.87511 14.73976 0 4.65248 5.3325 5 1 
184 44.634377 10.894371 6.17007 1 7.85673 37.57603 0 6.59389 3.7975 4 4 
185 44.652963 10.941439 6.17007 1 7.85673 37.57603 0 6.59389 3.7975 4 4 
186 44.661399 10.965329 0.71682 4 0.55814 11.9808 0 0.97351 9.3325 3 1 
187 44.555647 10.793730 6.17007 1 7.85673 37.57603 0 6.59389 3.7975 4 4 
188 44.636704 10.936763 2.18337 3 2.86092 12.87719 0 9.76457 7.3525 1 2 
189 44.659895 10.899966 2.18337 3 2.86092 12.87719 0 9.76457 7.3525 1 2 
190 44.639584 10.954861 0.71682 4 0.55814 11.9808 0 0.97351 9.3325 3 1 
191 44.631654 10.918496 1.26791 1 3.04286 21.33838 0 7.54948 3.3550 2 2 
192 44.658759 10.903604 2.18337 3 2.86092 12.87719 0 9.76457 7.3525 1 2 
193 44.831965 11.292386 6.17007 1 7.85673 37.57603 0 6.59389 3.7975 4 4 
194 44.600294 10.976759 2.18337 3 2.86092 12.87719 0 9.76457 7.3525 1 2 
195 44.650847 10.960200 1.61198 2 1.87511 14.73976 0 4.65248 5.3325 5 1 
196 44.662057 10.942532 0.71682 4 0.55814 11.9808 0 0.97351 9.3325 3 1 
197 44.660299 10.894826 6.17007 1 7.85673 37.57603 0 6.59389 3.7975 4 4 
198 44.808582 10.837993 1.61198 2 1.87511 14.73976 0 4.65248 5.3325 5 1 
199 44.651192 10.963191 2.18337 3 2.86092 12.87719 0 9.76457 7.3525 1 2 
200 44.609587 10.864279 0.71682 4 0.55814 11.9808 0 0.97351 9.3325 3 1 
201 44.608845 10.865446 0.71682 4 0.55814 11.9808 0 0.97351 9.3325 3 1 
202 44.637135 10.912478 1.61198 2 1.87511 14.73976 0 4.65248 5.3325 5 1 
203 44.636749 10.932037 2.18337 3 2.86092 12.87719 0 9.76457 7.3525 1 2 
204 44.655725 10.924865 1.61198 2 1.87511 14.73976 0 4.65248 5.3325 5 1 
205 44.659895 10.899966 1.26791 1 3.04286 21.33838 0 7.54948 3.3550 2 2 
206 44.636439 10.950364 6.17007 1 7.85673 37.57603 0 6.59389 3.7975 4 4 
207 44.691359 10.846343 1.61198 2 1.87511 14.73976 0 4.65248 5.3325 5 1 
208 44.594598 10.958338 6.17007 1 7.85673 37.57603 0 6.59389 3.7975 4 4 
209 44.536092 10.785718 1.26791 1 3.04286 21.33838 0 7.54948 3.3550 2 2 
210 44.645877 10.928974 0.71682 4 0.55814 11.9808 0 0.97351 9.3325 3 1 
211 44.632991 10.950615 1.26791 1 3.04286 21.33838 0 7.54948 3.3550 2 2 
212 44.633702 10.918978 1.26791 1 3.04286 21.33838 0 7.54948 3.3550 2 2 
213 44.661768 10.943031 1.26791 1 3.04286 21.33838 0 7.54948 3.3550 2 2 
214 44.649759 10.900387 0.71682 4 0.55814 11.9808 0 0.97351 9.3325 3 1 
215 44.654831 10.929634 6.17007 1 7.85673 37.57603 0 6.59389 3.7975 4 4 
216 44.593203 10.947346 1.61198 2 1.87511 14.73976 0 4.65248 5.3325 5 1 
217 44.648069 10.922534 1.61198 2 1.87511 14.73976 0 4.65248 5.3325 5 1 
218 44.643061 10.886084 6.17007 1 7.85673 37.57603 0 6.59389 3.7975 4 4 
219 44.231260 10.653671 1.61198 2 1.87511 14.73976 0 4.65248 5.3325 5 1 
220 44.623070 10.913917 2.18337 3 2.86092 12.87719 0 9.76457 7.3525 1 2 
221 44.690262 10.969892 0.71682 4 0.55814 11.9808 0 0.97351 9.3325 3 1 
222 44.661734 10.894775 0.71682 4 0.55814 11.9808 0 0.97351 9.3325 3 1 
223 44.578293 10.842339 1.61198 2 1.87511 14.73976 0 4.65248 5.3325 5 1 
224 44.641623 10.913198 1.61198 2 1.87511 14.73976 0 4.65248 5.3325 5 1 
225 44.630149 10.923425 1.61198 2 1.87511 14.73976 0 4.65248 5.3325 5 1 
226 44.574655 10.851296 1.26791 1 3.04286 21.33838 0 7.54948 3.3550 2 2 
227 44.649967 10.907460 1.26791 1 3.04286 21.33838 0 7.54948 3.3550 2 2 
228 44.637525 10.928231 1.61198 2 1.87511 14.73976 0 4.65248 5.3325 5 1 
229 44.588975 10.953107 1.61198 2 1.87511 14.73976 0 4.65248 5.3325 5 1 
230 44.658389 10.930665 0.71682 4 0.55814 11.9808 0 0.97351 9.3325 3 1 
231 44.652534 10.931085 1.61198 2 1.87511 14.73976 0 4.65248 5.3325 5 1 
232 44.857534 11.205391 1.61198 2 1.87511 14.73976 0 4.65248 5.3325 5 1 
233 44.669187 10.901785 0.71682 4 0.55814 11.9808 0 0.97351 9.3325 3 1 
234 44.634406 10.975937 1.26791 1 3.04286 21.33838 0 7.54948 3.3550 2 2 
235 44.580871 10.919996 6.17007 1 7.85673 37.57603 0 6.59389 3.7975 4 4 
236 44.637602 10.909784 0.71682 4 0.55814 11.9808 0 0.97351 9.3325 3 1 
237 44.647885 10.927507 0.71682 4 0.55814 11.9808 0 0.97351 9.3325 3 1 
238 44.647346 10.929423 0.71682 4 0.55814 11.9808 0 0.97351 9.3325 3 1 
239 44.621012 10.917444 1.61198 2 1.87511 14.73976 0 4.65248 5.3325 5 1 
240 44.642964 10.898701 2.18337 3 2.86092 12.87719 0 9.76457 7.3525 1 2 
241 44.611158 10.892885 1.26791 1 3.04286 21.33838 0 7.54948 3.3550 2 2 
242 44.644965 10.924770 2.18337 3 2.86092 12.87719 0 9.76457 7.3525 1 2 
243 44.675251 11.032612 2.18337 3 2.86092 12.87719 0 9.76457 7.3525 1 2 
244 44.704257 10.946627 0.71682 4 0.55814 11.9808 0 0.97351 9.3325 3 1 
245 44.634073 10.933342 1.61198 2 1.87511 14.73976 0 4.65248 5.3325 5 1 
246 44.632720 10.904139 6.17007 1 7.85673 37.57603 0 6.59389 3.7975 4 4 
247 44.632796 10.961863 1.26791 1 3.04286 21.33838 0 7.54948 3.3550 2 2 
248 44.631749 10.916527 0.71682 4 0.55814 11.9808 0 0.97351 9.3325 3 1 
249 44.617164 10.871696 6.17007 1 7.85673 37.57603 0 6.59389 3.7975 4 4 
250 44.788902 11.135891 1.26791 1 3.04286 21.33838 0 7.54948 3.3550 2 2 
251 44.643308 10.929525 0.71682 4 0.55814 11.9808 0 0.97351 9.3325 3 1 
252 44.654628 10.929789 1.61198 2 1.87511 14.73976 0 4.65248 5.3325 5 1 
253 44.655270 10.962604 0.71682 4 0.55814 11.9808 0 0.97351 9.3325 3 1 
254 44.603614 10.968888 2.18337 3 2.86092 12.87719 0 9.76457 7.3525 1 2 
255 44.650909 10.902984 1.61198 2 1.87511 14.73976 0 4.65248 5.3325 5 1 
256 44.647224 10.937482 6.17007 1 7.85673 37.57603 0 6.59389 3.7975 4 4 
257 44.666988 10.913848 2.18337 3 2.86092 12.87719 0 9.76457 7.3525 1 2 
258 44.629040 10.975422 1.61198 2 1.87511 14.73976 0 4.65248 5.3325 5 1 
259 44.627402 10.891416 0.71682 4 0.55814 11.9808 0 0.97351 9.3325 3 1 
260 44.850090 11.065451 2.18337 3 2.86092 12.87719 0 9.76457 7.3525 1 2 
261 44.670502 10.934840 6.17007 1 7.85673 37.57603 0 6.59389 3.7975 4 4 
262 44.662205 10.929626 0.71682 4 0.55814 11.9808 0 0.97351 9.3325 3 1 
263 44.645877 10.928974 6.17007 1 7.85673 37.57603 0 6.59389 3.7975 4 4 
264 44.653078 10.913648 2.18337 3 2.86092 12.87719 0 9.76457 7.3525 1 2 
265 44.591613 10.957505 1.61198 2 1.87511 14.73976 0 4.65248 5.3325 5 1 
266 44.636657 10.910483 2.18337 3 2.86092 12.87719 0 9.76457 7.3525 1 2 
267 44.649934 10.932892 0.71682 4 0.55814 11.9808 0 0.97351 9.3325 3 1 
268 44.640750 10.819774 1.61198 2 1.87511 14.73976 0 4.65248 5.3325 5 1 
269 44.630928 10.901713 2.18337 3 2.86092 12.87719 0 9.76457 7.3525 1 2 
270 44.659224 10.892006 1.61198 2 1.87511 14.73976 0 4.65248 5.3325 5 1 
271 44.885152 11.052974 1.26791 1 3.04286 21.33838 0 7.54948 3.3550 2 2 
272 44.635985 10.956004 1.26791 1 3.04286 21.33838 0 7.54948 3.3550 2 2 
273 44.638667 10.931792 0.71682 4 0.55814 11.9808 0 0.97351 9.3325 3 1 
274 44.730828 10.925050 1.61198 2 1.87511 14.73976 0 4.65248 5.3325 5 1 
275 44.595792 10.973233 6.17007 1 7.85673 37.57603 0 6.59389 3.7975 4 4 
276 44.586460 10.971802 1.61198 2 1.87511 14.73976 0 4.65248 5.3325 5 1 
277 44.599069 10.980159 6.17007 1 7.85673 37.57603 0 6.59389 3.7975 4 4 
278 44.601714 10.971095 0.71682 4 0.55814 11.9808 0 0.97351 9.3325 3 1 
279 44.635966 10.934109 2.18337 3 2.86092 12.87719 0 9.76457 7.3525 1 2 
280 44.527046 10.874341 1.61198 2 1.87511 14.73976 0 4.65248 5.3325 5 1 
281 44.537016 10.791756 2.18337 3 2.86092 12.87719 0 9.76457 7.3525 1 2 
282 44.629612 10.951159 1.26791 1 3.04286 21.33838 0 7.54948 3.3550 2 2 
283 44.657566 10.902329 0.71682 4 0.55814 11.9808 0 0.97351 9.3325 3 1 
284 44.631288 10.903670 2.18337 3 2.86092 12.87719 0 9.76457 7.3525 1 2 
285 44.630385 10.922742 1.61198 2 1.87511 14.73976 0 4.65248 5.3325 5 1 
286 44.668651 10.933893 0.71682 4 0.55814 11.9808 0 0.97351 9.3325 3 1 
287 44.643863 10.925188 1.61198 2 1.87511 14.73976 0 4.65248 5.3325 5 1 
288 44.645791 10.920157 1.26791 1 3.04286 21.33838 0 7.54948 3.3550 2 2 
289 44.640826 10.908093 2.18337 3 2.86092 12.87719 0 9.76457 7.3525 1 2 
290 44.617017 10.932033 2.18337 3 2.86092 12.87719 0 9.76457 7.3525 1 2 
291 44.638480 10.899030 0.71682 4 0.55814 11.9808 0 0.97351 9.3325 3 1 
292 44.639138 10.915636 1.26791 1 3.04286 21.33838 0 7.54948 3.3550 2 2 
293 44.638472 10.918212 1.26791 1 3.04286 21.33838 0 7.54948 3.3550 2 2 
294 44.607556 10.860359 6.17007 1 7.85673 37.57603 0 6.59389 3.7975 4 4 
295 44.677450 11.040029 2.18337 3 2.86092 12.87719 0 9.76457 7.3525 1 2 
296 44.659502 10.901343 1.61198 2 1.87511 14.73976 0 4.65248 5.3325 5 1 
297 44.654604 10.959821 2.18337 3 2.86092 12.87719 0 9.76457 7.3525 1 2 
298 44.621478 10.909658 6.17007 1 7.85673 37.57603 0 6.59389 3.7975 4 4 
299 44.633327 10.936376 6.17007 1 7.85673 37.57603 0 6.59389 3.7975 4 4 
300 44.638736 10.965669 6.17007 1 7.85673 37.57603 0 6.59389 3.7975 4 4 
301 44.645031 10.901825 1.26791 1 3.04286 21.33838 0 7.54948 3.3550 2 2 
302 44.648266 10.909767 1.61198 2 1.87511 14.73976 0 4.65248 5.3325 5 1 
303 44.625685 10.944142 6.17007 1 7.85673 37.57603 0 6.59389 3.7975 4 4 
304 44.629552 10.902643 6.17007 1 7.85673 37.57603 0 6.59389 3.7975 4 4 
305 44.682634 10.907414 2.18337 3 2.86092 12.87719 0 9.76457 7.3525 1 2 
306 44.667966 10.937350 2.18337 3 2.86092 12.87719 0 9.76457 7.3525 1 2 
307 44.630848 10.935448 1.26791 1 3.04286 21.33838 0 7.54948 3.3550 2 2 
308 44.535869 11.016590 6.17007 1 7.85673 37.57603 0 6.59389 3.7975 4 4 
309 44.655157 10.937415 1.61198 2 1.87511 14.73976 0 4.65248 5.3325 5 1 
310 44.646366 10.925770 1.26791 1 3.04286 21.33838 0 7.54948 3.3550 2 2 
311 44.626765 10.930694 1.26791 1 3.04286 21.33838 0 7.54948 3.3550 2 2 
312 44.704346 10.900756 6.17007 1 7.85673 37.57603 0 6.59389 3.7975 4 4 
313 44.653593 10.902316 1.26791 1 3.04286 21.33838 0 7.54948 3.3550 2 2 
314 44.287734 10.673753 0.71682 4 0.55814 11.9808 0 0.97351 9.3325 3 1 
315 44.630983 10.937609 1.26791 1 3.04286 21.33838 0 7.54948 3.3550 2 2 
316 44.640641 10.966316 1.61198 2 1.87511 14.73976 0 4.65248 5.3325 5 1 
317 44.563985 10.805434 6.17007 1 7.85673 37.57603 0 6.59389 3.7975 4 4 
318 44.652963 10.941439 1.61198 2 1.87511 14.73976 0 4.65248 5.3325 5 1 
319 44.688915 10.919713 6.17007 1 7.85673 37.57603 0 6.59389 3.7975 4 4 
320 44.654995 10.877398 2.18337 3 2.86092 12.87719 0 9.76457 7.3525 1 2 
321 44.622545 10.929545 0.71682 4 0.55814 11.9808 0 0.97351 9.3325 3 1 
322 44.637842 10.935338 1.26791 1 3.04286 21.33838 0 7.54948 3.3550 2 2 
323 44.637133 10.913905 6.17007 1 7.85673 37.57603 0 6.59389 3.7975 4 4 
324 44.633814 10.918435 1.26791 1 3.04286 21.33838 0 7.54948 3.3550 2 2 
325 44.637409 10.949981 0.71682 4 0.55814 11.9808 0 0.97351 9.3325 3 1 
326 44.657087 10.961335 0.71682 4 0.55814 11.9808 0 0.97351 9.3325 3 1 
327 44.618619 10.887601 6.17007 1 7.85673 37.57603 0 6.59389 3.7975 4 4 
328 44.628547 10.911876 2.18337 3 2.86092 12.87719 0 9.76457 7.3525 1 2 
329 44.672752 10.933463 0.71682 4 0.55814 11.9808 0 0.97351 9.3325 3 1 
330 44.631074 10.951644 2.18337 3 2.86092 12.87719 0 9.76457 7.3525 1 2 
331 44.535858 10.814282 0.71682 4 0.55814 11.9808 0 0.97351 9.3325 3 1 
332 44.546610 10.777632 2.18337 3 2.86092 12.87719 0 9.76457 7.3525 1 2 
333 44.646067 10.852251 6.17007 1 7.85673 37.57603 0 6.59389 3.7975 4 4 
334 44.656173 10.914561 1.61198 2 1.87511 14.73976 0 4.65248 5.3325 5 1 
335 44.644588 10.887783 1.61198 2 1.87511 14.73976 0 4.65248 5.3325 5 1 
336 44.652093 10.934599 1.61198 2 1.87511 14.73976 0 4.65248 5.3325 5 1 
337 44.892099 10.901418 2.18337 3 2.86092 12.87719 0 9.76457 7.3525 1 2 
338 44.536802 10.813365 6.17007 1 7.85673 37.57603 0 6.59389 3.7975 4 4 
339 44.512426 10.946981 2.18337 3 2.86092 12.87719 0 9.76457 7.3525 1 2 
340 44.880144 11.058174 6.17007 1 7.85673 37.57603 0 6.59389 3.7975 4 4 
341 44.659502 10.930154 6.17007 1 7.85673 37.57603 0 6.59389 3.7975 4 4 
342 44.886839 10.897389 1.26791 1 3.04286 21.33838 0 7.54948 3.3550 2 2 
343 44.635050 10.931091 1.61198 2 1.87511 14.73976 0 4.65248 5.3325 5 1 
344 44.651177 10.950521 2.18337 3 2.86092 12.87719 0 9.76457 7.3525 1 2 
345 44.653872 10.948739 0.71682 4 0.55814 11.9808 0 0.97351 9.3325 3 1 
346 44.653465 10.944126 1.26791 1 3.04286 21.33838 0 7.54948 3.3550 2 2 
347 44.652975 10.944591 6.17007 1 7.85673 37.57603 0 6.59389 3.7975 4 4 
348 44.665326 10.913667 2.18337 3 2.86092 12.87719 0 9.76457 7.3525 1 2 
349 44.641348 10.955361 0.71682 4 0.55814 11.9808 0 0.97351 9.3325 3 1 
350 44.738491 10.921015 1.26791 1 3.04286 21.33838 0 7.54948 3.3550 2 2 
351 44.647484 10.922107 6.17007 1 7.85673 37.57603 0 6.59389 3.7975 4 4 
352 44.653930 10.912998 1.26791 1 3.04286 21.33838 0 7.54948 3.3550 2 2 
353 44.624450 10.904349 1.61198 2 1.87511 14.73976 0 4.65248 5.3325 5 1 
354 44.643784 10.912655 6.17007 1 7.85673 37.57603 0 6.59389 3.7975 4 4 
355 44.665059 10.898412 1.61198 2 1.87511 14.73976 0 4.65248 5.3325 5 1 
356 44.507861 10.945151 0.71682 4 0.55814 11.9808 0 0.97351 9.3325 3 1 
357 44.629935 10.910739 1.26791 1 3.04286 21.33838 0 7.54948 3.3550 2 2 
358 44.627832 10.975776 1.61198 2 1.87511 14.73976 0 4.65248 5.3325 5 1 
359 44.524906 10.857139 1.26791 1 3.04286 21.33838 0 7.54948 3.3550 2 2 
360 44.637760 10.919078 0.71682 4 0.55814 11.9808 0 0.97351 9.3325 3 1 
361 44.883938 11.074567 0.71682 4 0.55814 11.9808 0 0.97351 9.3325 3 1 
362 44.642570 10.928215 6.17007 1 7.85673 37.57603 0 6.59389 3.7975 4 4 
363 44.709257 10.915417 1.61198 2 1.87511 14.73976 0 4.65248 5.3325 5 1 
364 44.615566 10.975004 1.26791 1 3.04286 21.33838 0 7.54948 3.3550 2 2 
365 44.622446 10.921893 0.71682 4 0.55814 11.9808 0 0.97351 9.3325 3 1 
366 44.647725 10.924663 2.18337 3 2.86092 12.87719 0 9.76457 7.3525 1 2 
367 44.625318 10.894154 6.17007 1 7.85673 37.57603 0 6.59389 3.7975 4 4 
368 44.646696 10.927112 1.61198 2 1.87511 14.73976 0 4.65248 5.3325 5 1 
369 44.585493 11.021807 2.18337 3 2.86092 12.87719 0 9.76457 7.3525 1 2 
370 44.640218 10.913038 1.26791 1 3.04286 21.33838 0 7.54948 3.3550 2 2 
371 44.631068 10.898911 1.26791 1 3.04286 21.33838 0 7.54948 3.3550 2 2 
372 44.652105 10.941882 0.71682 4 0.55814 11.9808 0 0.97351 9.3325 3 1 
373 44.659414 10.936595 1.26791 1 3.04286 21.33838 0 7.54948 3.3550 2 2 
374 44.690809 10.971557 1.61198 2 1.87511 14.73976 0 4.65248 5.3325 5 1 
375 44.633135 10.924720 0.71682 4 0.55814 11.9808 0 0.97351 9.3325 3 1 
376 44.669708 10.897511 1.26791 1 3.04286 21.33838 0 7.54948 3.3550 2 2 
377 44.751810 11.005553 2.18337 3 2.86092 12.87719 0 9.76457 7.3525 1 2 
378 44.674959 11.031031 1.26791 1 3.04286 21.33838 0 7.54948 3.3550 2 2 
379 44.604313 10.970174 2.18337 3 2.86092 12.87719 0 9.76457 7.3525 1 2 
380 44.644686 10.950389 1.26791 1 3.04286 21.33838 0 7.54948 3.3550 2 2 
381 44.646008 10.928593 2.18337 3 2.86092 12.87719 0 9.76457 7.3525 1 2 
382 44.647663 10.927899 2.18337 3 2.86092 12.87719 0 9.76457 7.3525 1 2 
383 44.650243 10.919688 0.71682 4 0.55814 11.9808 0 0.97351 9.3325 3 1 
384 44.565545 11.036248 1.61198 2 1.87511 14.73976 0 4.65248 5.3325 5 1 
385 44.567571 10.833677 6.17007 1 7.85673 37.57603 0 6.59389 3.7975 4 4 
386 44.644731 10.926218 1.61198 2 1.87511 14.73976 0 4.65248 5.3325 5 1 
387 44.666505 10.912130 6.17007 1 7.85673 37.57603 0 6.59389 3.7975 4 4 
388 44.629155 10.922538 1.26791 1 3.04286 21.33838 0 7.54948 3.3550 2 2 
389 44.629951 10.918383 2.18337 3 2.86092 12.87719 0 9.76457 7.3525 1 2 
390 44.613571 10.933750 0.71682 4 0.55814 11.9808 0 0.97351 9.3325 3 1 
391 44.657409 10.912315 6.17007 1 7.85673 37.57603 0 6.59389 3.7975 4 4 
392 44.657687 10.977480 0.71682 4 0.55814 11.9808 0 0.97351 9.3325 3 1 
393 44.647480 10.940212 6.17007 1 7.85673 37.57603 0 6.59389 3.7975 4 4 
394 44.838341 11.304238 1.26791 1 3.04286 21.33838 0 7.54948 3.3550 2 2 
395 44.624814 10.937688 0.71682 4 0.55814 11.9808 0 0.97351 9.3325 3 1 
396 44.625200 10.925519 6.17007 1 7.85673 37.57603 0 6.59389 3.7975 4 4 
397 44.647604 10.943819 0.71682 4 0.55814 11.9808 0 0.97351 9.3325 3 1 
398 44.627114 10.948538 6.17007 1 7.85673 37.57603 0 6.59389 3.7975 4 4 
399 44.713931 10.913336 0.71682 4 0.55814 11.9808 0 0.97351 9.3325 3 1 
400 44.641298 10.909027 2.18337 3 2.86092 12.87719 0 9.76457 7.3525 1 2 
401 44.648309 10.920084 2.18337 3 2.86092 12.87719 0 9.76457 7.3525 1 2 
402 44.649160 10.923931 1.26791 1 3.04286 21.33838 0 7.54948 3.3550 2 2 
403 44.644287 10.912538 1.61198 2 1.87511 14.73976 0 4.65248 5.3325 5 1 
404 44.647155 10.938929 0.71682 4 0.55814 11.9808 0 0.97351 9.3325 3 1 
405 44.623788 10.933311 2.18337 3 2.86092 12.87719 0 9.76457 7.3525 1 2 
406 44.628905 10.919377 0.71682 4 0.55814 11.9808 0 0.97351 9.3325 3 1 
407 44.667607 10.946827 2.18337 3 2.86092 12.87719 0 9.76457 7.3525 1 2 
408 44.668482 10.864839 2.18337 3 2.86092 12.87719 0 9.76457 7.3525 1 2 
409 44.652706 10.934439 1.26791 1 3.04286 21.33838 0 7.54948 3.3550 2 2 
410 44.631652 10.919490 1.61198 2 1.87511 14.73976 0 4.65248 5.3325 5 1 
411 44.648011 10.922960 2.18337 3 2.86092 12.87719 0 9.76457 7.3525 1 2 
412 44.641933 10.922145 1.26791 1 3.04286 21.33838 0 7.54948 3.3550 2 2 
413 44.656418 10.910370 1.26791 1 3.04286 21.33838 0 7.54948 3.3550 2 2 
414 44.644802 10.921053 1.26791 1 3.04286 21.33838 0 7.54948 3.3550 2 2 
415 44.600885 10.976948 0.71682 4 0.55814 11.9808 0 0.97351 9.3325 3 1 
416 44.644858 10.933528 2.18337 3 2.86092 12.87719 0 9.76457 7.3525 1 2 
417 44.648093 10.916669 1.61198 2 1.87511 14.73976 0 4.65248 5.3325 5 1 
418 44.595437 10.913058 0.71682 4 0.55814 11.9808 0 0.97351 9.3325 3 1 
419 44.674005 10.899461 2.18337 3 2.86092 12.87719 0 9.76457 7.3525 1 2 
420 44.666815 10.944716 2.18337 3 2.86092 12.87719 0 9.76457 7.3525 1 2 
421 44.677046 10.936607 1.26791 1 3.04286 21.33838 0 7.54948 3.3550 2 2 
422 44.654404 10.887294 2.18337 3 2.86092 12.87719 0 9.76457 7.3525 1 2 
423 44.635745 10.896464 1.61198 2 1.87511 14.73976 0 4.65248 5.3325 5 1 
424 44.653058 10.916925 0.71682 4 0.55814 11.9808 0 0.97351 9.3325 3 1 
425 44.644947 10.912165 1.61198 2 1.87511 14.73976 0 4.65248 5.3325 5 1 
426 44.636209 10.909265 6.17007 1 7.85673 37.57603 0 6.59389 3.7975 4 4 
427 44.655561 10.948998 0.71682 4 0.55814 11.9808 0 0.97351 9.3325 3 1 
428 44.664860 10.934134 1.26791 1 3.04286 21.33838 0 7.54948 3.3550 2 2 
429 44.661259 10.893564 6.17007 1 7.85673 37.57603 0 6.59389 3.7975 4 4 
430 44.621690 10.943570 0.71682 4 0.55814 11.9808 0 0.97351 9.3325 3 1 
431 44.539518 10.898830 1.26791 1 3.04286 21.33838 0 7.54948 3.3550 2 2 
432 44.645375 10.817861 1.26791 1 3.04286 21.33838 0 7.54948 3.3550 2 2 
433 44.661951 10.926243 1.26791 1 3.04286 21.33838 0 7.54948 3.3550 2 2 
434 44.533598 11.025887 6.17007 1 7.85673 37.57603 0 6.59389 3.7975 4 4 
435 44.636382 10.872374 2.18337 3 2.86092 12.87719 0 9.76457 7.3525 1 2 
436 44.649192 10.858874 0.71682 4 0.55814 11.9808 0 0.97351 9.3325 3 1 
437 44.649291 10.849618 6.17007 1 7.85673 37.57603 0 6.59389 3.7975 4 4 
438 44.638625 10.950048 1.61198 2 1.87511 14.73976 0 4.65248 5.3325 5 1 
439 44.603971 10.971484 1.26791 1 3.04286 21.33838 0 7.54948 3.3550 2 2 
440 44.646211 10.926659 1.26791 1 3.04286 21.33838 0 7.54948 3.3550 2 2 
441 44.647784 10.941944 1.26791 1 3.04286 21.33838 0 7.54948 3.3550 2 2 
442 44.645544 10.911004 1.61198 2 1.87511 14.73976 0 4.65248 5.3325 5 1 
443 44.591132 10.949554 2.18337 3 2.86092 12.87719 0 9.76457 7.3525 1 2 
444 44.645082 10.943258 2.18337 3 2.86092 12.87719 0 9.76457 7.3525 1 2 
445 44.639693 10.952252 0.71682 4 0.55814 11.9808 0 0.97351 9.3325 3 1 
446 44.659528 10.968969 2.18337 3 2.86092 12.87719 0 9.76457 7.3525 1 2 
447 44.614723 10.939249 1.61198 2 1.87511 14.73976 0 4.65248 5.3325 5 1 
448 44.579093 10.852981 2.18337 3 2.86092 12.87719 0 9.76457 7.3525 1 2 
449 44.630195 10.925437 2.18337 3 2.86092 12.87719 0 9.76457 7.3525 1 2 
450 44.639162 10.950306 1.61198 2 1.87511 14.73976 0 4.65248 5.3325 5 1 