700 lat long pcc pcn mem st bw sd cost service task
1 44.633106 10.939678 2.18337 3 2.86092 12.87719 0 9.76457 7.3525 1 2 
2 44.625262 10.893088 0.71682 4 0.55814 11.9808 0 0.97351 9.3325 3 1 
3 44.650514 10.938734 1.26791 1 3.04286 21.33838 0 7.54948 3.3550 2 2 
4 44.654346 10.909586 0.71682 4 0.55814 11.9808 0 0.97351 9.3325 3 1 
5 44.690933 10.969304 2.18337 3 2.86092 12.87719 0 9.76457 7.3525 1 2 
6 44.633450 10.924301 6.17007 1 7.85673 37.57603 0 6.59389 3.7975 4 4 
7 44.602418 10.919662 6.17007 1 7.85673 37.57603 0 6.59389 3.7975 4 4 
8 44.645322 10.916054 0.71682 4 0.55814 11.9808 0 0.97351 9.3325 3 1 
9 44.643426 10.891692 0.71682 4 0.55814 11.9808 0 0.97351 9.3325 3 1 
10 44.849179 11.069823 2.18337 3 2.86092 12.87719 0 9.76457 7.3525 1 2 
11 44.587891 10.946703 0.71682 4 0.55814 11.9808 0 0.97351 9.3325 3 1 
12 44.644635 10.842004 1.26791 1 3.04286 21.33838 0 7.54948 3.3550 2 2 
13 44.675135 10.900189 1.26791 1 3.04286 21.33838 0 7.54948 3.3550 2 2 
14 44.623639 10.935868 2.18337 3 2.86092 12.87719 0 9.76457 7.3525 1 2 
15 44.627010 10.940864 1.61198 2 1.87511 14.73976 0 4.65248 5.3325 5 1 
16 44.687798 10.963777 2.18337 3 2.86092 12.87719 0 9.76457 7.3525 1 2 
17 44.630468 10.935947 6.17007 1 7.85673 37.57603 0 6.59389 3.7975 4 4 
18 44.644637 10.929353 6.17007 1 7.85673 37.57603 0 6.59389 3.7975 4 4 
19 44.644954 10.925246 2.18337 3 2.86092 12.87719 0 9.76457 7.3525 1 2 
20 44.726452 10.910250 6.17007 1 7.85673 37.57603 0 6.59389 3.7975 4 4 
21 44.689813 10.913941 2.18337 3 2.86092 12.87719 0 9.76457 7.3525 1 2 
22 44.656825 10.875966 0.71682 4 0.55814 11.9808 0 0.97351 9.3325 3 1 
23 44.661508 10.889147 0.71682 4 0.55814 11.9808 0 0.97351 9.3325 3 1 
24 44.628634 10.939588 1.61198 2 1.87511 14.73976 0 4.65248 5.3325 5 1 
25 44.675540 11.041978 1.61198 2 1.87511 14.73976 0 4.65248 5.3325 5 1 
26 44.286752 10.672077 1.61198 2 1.87511 14.73976 0 4.65248 5.3325 5 1 
27 44.619638 10.941135 2.18337 3 2.86092 12.87719 0 9.76457 7.3525 1 2 
28 44.635734 10.947216 2.18337 3 2.86092 12.87719 0 9.76457 7.3525 1 2 
29 44.571934 10.844666 1.61198 2 1.87511 14.73976 0 4.65248 5.3325 5 1 
30 44.656930 10.898282 6.17007 1 7.85673 37.57603 0 6.59389 3.7975 4 4 
31 44.651569 10.867872 1.26791 1 3.04286 21.33838 0 7.54948 3.3550 2 2 
32 44.748232 11.002663 1.61198 2 1.87511 14.73976 0 4.65248 5.3325 5 1 
33 44.630666 10.909429 0.71682 4 0.55814 11.9808 0 0.97351 9.3325 3 1 
34 44.656308 10.896589 2.18337 3 2.86092 12.87719 0 9.76457 7.3525 1 2 
35 44.661147 10.927231 6.17007 1 7.85673 37.57603 0 6.59389 3.7975 4 4 
36 44.643386 10.932400 1.26791 1 3.04286 21.33838 0 7.54948 3.3550 2 2 
37 44.662543 10.890877 2.18337 3 2.86092 12.87719 0 9.76457 7.3525 1 2 
38 44.643496 10.945125 1.26791 1 3.04286 21.33838 0 7.54948 3.3550 2 2 
39 44.595485 11.035603 0.71682 4 0.55814 11.9808 0 0.97351 9.3325 3 1 
40 44.659224 10.892006 1.61198 2 1.87511 14.73976 0 4.65248 5.3325 5 1 
41 44.635463 10.907084 2.18337 3 2.86092 12.87719 0 9.76457 7.3525 1 2 
42 44.624635 10.940973 0.71682 4 0.55814 11.9808 0 0.97351 9.3325 3 1 
43 44.624822 10.945836 6.17007 1 7.85673 37.57603 0 6.59389 3.7975 4 4 
44 44.634172 10.924156 6.17007 1 7.85673 37.57603 0 6.59389 3.7975 4 4 
45 44.645899 10.907711 1.61198 2 1.87511 14.73976 0 4.65248 5.3325 5 1 
46 44.632706 10.948055 1.26791 1 3.04286 21.33838 0 7.54948 3.3550 2 2 
47 44.639802 10.806131 6.17007 1 7.85673 37.57603 0 6.59389 3.7975 4 4 
48 44.554313 10.797328 1.61198 2 1.87511 14.73976 0 4.65248 5.3325 5 1 
49 44.639347 10.930972 0.71682 4 0.55814 11.9808 0 0.97351 9.3325 3 1 
50 44.632474 10.934182 6.17007 1 7.85673 37.57603 0 6.59389 3.7975 4 4 
51 44.662103 10.964165 1.61198 2 1.87511 14.73976 0 4.65248 5.3325 5 1 
52 44.610405 10.920063 2.18337 3 2.86092 12.87719 0 9.76457 7.3525 1 2 
53 44.628929 10.888966 2.18337 3 2.86092 12.87719 0 9.76457 7.3525 1 2 
54 44.643508 10.886377 0.71682 4 0.55814 11.9808 0 0.97351 9.3325 3 1 
55 44.642992 10.964084 0.71682 4 0.55814 11.9808 0 0.97351 9.3325 3 1 
56 44.632606 10.952201 2.18337 3 2.86092 12.87719 0 9.76457 7.3525 1 2 
57 44.612079 10.911914 0.71682 4 0.55814 11.9808 0 0.97351 9.3325 3 1 
58 44.626869 10.925723 0.71682 4 0.55814 11.9808 0 0.97351 9.3325 3 1 
59 44.343638 10.729244 1.26791 1 3.04286 21.33838 0 7.54948 3.3550 2 2 
60 44.651573 10.902624 0.71682 4 0.55814 11.9808 0 0.97351 9.3325 3 1 
61 44.884381 11.060460 0.71682 4 0.55814 11.9808 0 0.97351 9.3325 3 1 
62 44.625980 10.944816 6.17007 1 7.85673 37.57603 0 6.59389 3.7975 4 4 
63 44.655157 10.937415 0.71682 4 0.55814 11.9808 0 0.97351 9.3325 3 1 
64 44.668201 10.936144 0.71682 4 0.55814 11.9808 0 0.97351 9.3325 3 1 
65 44.654059 10.906719 6.17007 1 7.85673 37.57603 0 6.59389 3.7975 4 4 
66 44.633658 10.900076 0.71682 4 0.55814 11.9808 0 0.97351 9.3325 3 1 
67 44.641038 10.891075 6.17007 1 7.85673 37.57603 0 6.59389 3.7975 4 4 
68 44.601834 10.957643 0.71682 4 0.55814 11.9808 0 0.97351 9.3325 3 1 
69 44.650462 10.919184 2.18337 3 2.86092 12.87719 0 9.76457 7.3525 1 2 
70 44.637160 10.934742 1.61198 2 1.87511 14.73976 0 4.65248 5.3325 5 1 
71 44.578835 10.829993 1.61198 2 1.87511 14.73976 0 4.65248 5.3325 5 1 
72 44.619716 10.928593 6.17007 1 7.85673 37.57603 0 6.59389 3.7975 4 4 
73 44.641515 10.891953 0.71682 4 0.55814 11.9808 0 0.97351 9.3325 3 1 
74 44.632772 10.899272 2.18337 3 2.86092 12.87719 0 9.76457 7.3525 1 2 
75 44.647080 10.923876 1.26791 1 3.04286 21.33838 0 7.54948 3.3550 2 2 
76 44.696834 10.889165 1.61198 2 1.87511 14.73976 0 4.65248 5.3325 5 1 
77 44.626914 10.907268 2.18337 3 2.86092 12.87719 0 9.76457 7.3525 1 2 
78 44.636345 10.904913 6.17007 1 7.85673 37.57603 0 6.59389 3.7975 4 4 
79 44.635266 10.928746 1.61198 2 1.87511 14.73976 0 4.65248 5.3325 5 1 
80 44.639521 10.911066 6.17007 1 7.85673 37.57603 0 6.59389 3.7975 4 4 
81 44.630800 10.902486 2.18337 3 2.86092 12.87719 0 9.76457 7.3525 1 2 
82 44.580411 10.983637 1.61198 2 1.87511 14.73976 0 4.65248 5.3325 5 1 
83 44.671741 10.866392 1.26791 1 3.04286 21.33838 0 7.54948 3.3550 2 2 
84 44.660419 10.896387 6.17007 1 7.85673 37.57603 0 6.59389 3.7975 4 4 
85 44.657931 10.878713 6.17007 1 7.85673 37.57603 0 6.59389 3.7975 4 4 
86 44.645113 10.907136 1.61198 2 1.87511 14.73976 0 4.65248 5.3325 5 1 
87 44.683176 10.896164 6.17007 1 7.85673 37.57603 0 6.59389 3.7975 4 4 
88 44.630498 10.947769 1.61198 2 1.87511 14.73976 0 4.65248 5.3325 5 1 
89 44.649044 10.900630 6.17007 1 7.85673 37.57603 0 6.59389 3.7975 4 4 
90 44.666557 10.913467 0.71682 4 0.55814 11.9808 0 0.97351 9.3325 3 1 
91 44.627757 10.918063 0.71682 4 0.55814 11.9808 0 0.97351 9.3325 3 1 
92 44.699421 10.885404 1.61198 2 1.87511 14.73976 0 4.65248 5.3325 5 1 
93 44.602478 10.860014 1.26791 1 3.04286 21.33838 0 7.54948 3.3550 2 2 
94 44.685449 10.966954 6.17007 1 7.85673 37.57603 0 6.59389 3.7975 4 4 
95 44.679437 11.040059 6.17007 1 7.85673 37.57603 0 6.59389 3.7975 4 4 
96 44.659737 10.895949 1.61198 2 1.87511 14.73976 0 4.65248 5.3325 5 1 
97 44.649479 10.938563 6.17007 1 7.85673 37.57603 0 6.59389 3.7975 4 4 
98 44.674822 10.934524 1.26791 1 3.04286 21.33838 0 7.54948 3.3550 2 2 
99 44.649247 10.926936 2.18337 3 2.86092 12.87719 0 9.76457 7.3525 1 2 
100 44.640578 10.914095 0.71682 4 0.55814 11.9808 0 0.97351 9.3325 3 1 
101 44.628713 10.922815 1.61198 2 1.87511 14.73976 0 4.65248 5.3325 5 1 
102 44.636245 10.926057 0.71682 4 0.55814 11.9808 0 0.97351 9.3325 3 1 
103 44.636749 10.932037 2.18337 3 2.86092 12.87719 0 9.76457 7.3525 1 2 
104 44.651712 10.875960 0.71682 4 0.55814 11.9808 0 0.97351 9.3325 3 1 
105 44.634426 10.871266 0.71682 4 0.55814 11.9808 0 0.97351 9.3325 3 1 
106 44.662602 10.898617 0.71682 4 0.55814 11.9808 0 0.97351 9.3325 3 1 
107 44.649759 10.900387 0.71682 4 0.55814 11.9808 0 0.97351 9.3325 3 1 
108 44.649407 10.921292 2.18337 3 2.86092 12.87719 0 9.76457 7.3525 1 2 
109 44.656379 10.890524 2.18337 3 2.86092 12.87719 0 9.76457 7.3525 1 2 
110 44.608459 10.978220 1.26791 1 3.04286 21.33838 0 7.54948 3.3550 2 2 
111 44.524855 10.860216 2.18337 3 2.86092 12.87719 0 9.76457 7.3525 1 2 
112 44.692672 10.967912 6.17007 1 7.85673 37.57603 0 6.59389 3.7975 4 4 
113 44.658118 10.932318 2.18337 3 2.86092 12.87719 0 9.76457 7.3525 1 2 
114 44.679634 10.946879 2.18337 3 2.86092 12.87719 0 9.76457 7.3525 1 2 
115 44.633436 10.903916 6.17007 1 7.85673 37.57603 0 6.59389 3.7975 4 4 
116 44.662176 10.929089 2.18337 3 2.86092 12.87719 0 9.76457 7.3525 1 2 
117 44.655713 10.898435 2.18337 3 2.86092 12.87719 0 9.76457 7.3525 1 2 
118 44.639744 10.909265 1.61198 2 1.87511 14.73976 0 4.65248 5.3325 5 1 
119 44.587664 10.970517 2.18337 3 2.86092 12.87719 0 9.76457 7.3525 1 2 
120 44.652115 10.899743 1.26791 1 3.04286 21.33838 0 7.54948 3.3550 2 2 
121 44.672678 10.951920 2.18337 3 2.86092 12.87719 0 9.76457 7.3525 1 2 
122 44.633974 10.935704 1.61198 2 1.87511 14.73976 0 4.65248 5.3325 5 1 
123 44.620782 11.040734 1.61198 2 1.87511 14.73976 0 4.65248 5.3325 5 1 
124 44.642255 10.945016 2.18337 3 2.86092 12.87719 0 9.76457 7.3525 1 2 
125 44.647343 10.927732 0.71682 4 0.55814 11.9808 0 0.97351 9.3325 3 1 
126 44.629115 10.941370 1.61198 2 1.87511 14.73976 0 4.65248 5.3325 5 1 
127 44.643751 10.942125 2.18337 3 2.86092 12.87719 0 9.76457 7.3525 1 2 
128 44.659868 10.931842 1.26791 1 3.04286 21.33838 0 7.54948 3.3550 2 2 
129 44.882503 11.066729 6.17007 1 7.85673 37.57603 0 6.59389 3.7975 4 4 
130 44.727825 10.919785 1.26791 1 3.04286 21.33838 0 7.54948 3.3550 2 2 
131 44.660306 10.965302 1.61198 2 1.87511 14.73976 0 4.65248 5.3325 5 1 
132 44.689272 10.916227 6.17007 1 7.85673 37.57603 0 6.59389 3.7975 4 4 
133 44.629051 10.925539 1.61198 2 1.87511 14.73976 0 4.65248 5.3325 5 1 
134 44.646018 10.923316 1.26791 1 3.04286 21.33838 0 7.54948 3.3550 2 2 
135 44.612507 10.983511 0.71682 4 0.55814 11.9808 0 0.97351 9.3325 3 1 
136 44.645163 10.909004 2.18337 3 2.86092 12.87719 0 9.76457 7.3525 1 2 
137 44.651934 10.928912 0.71682 4 0.55814 11.9808 0 0.97351 9.3325 3 1 
138 44.640358 10.907456 1.26791 1 3.04286 21.33838 0 7.54948 3.3550 2 2 
139 44.649723 10.920020 2.18337 3 2.86092 12.87719 0 9.76457 7.3525 1 2 
140 44.652880 10.934645 0.71682 4 0.55814 11.9808 0 0.97351 9.3325 3 1 
141 44.635170 10.914836 2.18337 3 2.86092 12.87719 0 9.76457 7.3525 1 2 
142 44.634089 10.916551 2.18337 3 2.86092 12.87719 0 9.76457 7.3525 1 2 
143 44.632542 10.935307 0.71682 4 0.55814 11.9808 0 0.97351 9.3325 3 1 
144 44.644637 10.934088 6.17007 1 7.85673 37.57603 0 6.59389 3.7975 4 4 
145 44.687662 10.963423 0.71682 4 0.55814 11.9808 0 0.97351 9.3325 3 1 
146 44.639710 10.948131 2.18337 3 2.86092 12.87719 0 9.76457 7.3525 1 2 
147 44.623780 10.917712 0.71682 4 0.55814 11.9808 0 0.97351 9.3325 3 1 
148 44.629260 10.942703 0.71682 4 0.55814 11.9808 0 0.97351 9.3325 3 1 
149 44.645879 10.930202 0.71682 4 0.55814 11.9808 0 0.97351 9.3325 3 1 
150 44.622270 10.816410 2.18337 3 2.86092 12.87719 0 9.76457 7.3525 1 2 
151 44.638511 10.873769 1.26791 1 3.04286 21.33838 0 7.54948 3.3550 2 2 
152 44.625556 10.894379 2.18337 3 2.86092 12.87719 0 9.76457 7.3525 1 2 
153 44.836184 11.292578 6.17007 1 7.85673 37.57603 0 6.59389 3.7975 4 4 
154 44.641763 10.939536 0.71682 4 0.55814 11.9808 0 0.97351 9.3325 3 1 
155 44.695435 10.875618 6.17007 1 7.85673 37.57603 0 6.59389 3.7975 4 4 
156 44.633370 10.946570 1.61198 2 1.87511 14.73976 0 4.65248 5.3325 5 1 
157 44.639702 10.913418 0.71682 4 0.55814 11.9808 0 0.97351 9.3325 3 1 
158 44.594989 11.037887 1.26791 1 3.04286 21.33838 0 7.54948 3.3550 2 2 
159 44.660409 10.962256 1.26791 1 3.04286 21.33838 0 7.54948 3.3550 2 2 
160 44.626128 10.929277 6.17007 1 7.85673 37.57603 0 6.59389 3.7975 4 4 
161 44.650372 10.898436 0.71682 4 0.55814 11.9808 0 0.97351 9.3325 3 1 
162 44.632442 10.915098 1.26791 1 3.04286 21.33838 0 7.54948 3.3550 2 2 
163 44.651835 10.933512 1.61198 2 1.87511 14.73976 0 4.65248 5.3325 5 1 
164 44.634077 10.950419 6.17007 1 7.85673 37.57603 0 6.59389 3.7975 4 4 
165 44.622888 10.891130 2.18337 3 2.86092 12.87719 0 9.76457 7.3525 1 2 
166 44.672005 10.939487 1.61198 2 1.87511 14.73976 0 4.65248 5.3325 5 1 
167 44.636236 10.921261 2.18337 3 2.86092 12.87719 0 9.76457 7.3525 1 2 
168 44.509709 10.950041 2.18337 3 2.86092 12.87719 0 9.76457 7.3525 1 2 
169 44.893451 11.065997 1.61198 2 1.87511 14.73976 0 4.65248 5.3325 5 1 
170 44.641960 10.966249 2.18337 3 2.86092 12.87719 0 9.76457 7.3525 1 2 
171 44.655040 10.905814 6.17007 1 7.85673 37.57603 0 6.59389 3.7975 4 4 
172 44.603873 10.904920 6.17007 1 7.85673 37.57603 0 6.59389 3.7975 4 4 
173 44.654197 10.890697 0.71682 4 0.55814 11.9808 0 0.97351 9.3325 3 1 
174 44.650509 10.933601 6.17007 1 7.85673 37.57603 0 6.59389 3.7975 4 4 
175 44.628309 10.969620 6.17007 1 7.85673 37.57603 0 6.59389 3.7975 4 4 
176 44.635521 10.902887 6.17007 1 7.85673 37.57603 0 6.59389 3.7975 4 4 
177 44.310038 10.792578 1.26791 1 3.04286 21.33838 0 7.54948 3.3550 2 2 
178 44.709584 10.902220 1.26791 1 3.04286 21.33838 0 7.54948 3.3550 2 2 
179 44.602274 10.969724 0.71682 4 0.55814 11.9808 0 0.97351 9.3325 3 1 
180 44.638403 10.876708 1.61198 2 1.87511 14.73976 0 4.65248 5.3325 5 1 
181 44.655428 10.872448 1.61198 2 1.87511 14.73976 0 4.65248 5.3325 5 1 
182 44.646758 10.928595 0.71682 4 0.55814 11.9808 0 0.97351 9.3325 3 1 
183 44.659276 10.892642 1.61198 2 1.87511 14.73976 0 4.65248 5.3325 5 1 
184 44.612217 10.909517 2.18337 3 2.86092 12.87719 0 9.76457 7.3525 1 2 
185 44.635333 10.946670 2.18337 3 2.86092 12.87719 0 9.76457 7.3525 1 2 
186 44.646341 10.925073 1.61198 2 1.87511 14.73976 0 4.65248 5.3325 5 1 
187 44.623009 10.948569 0.71682 4 0.55814 11.9808 0 0.97351 9.3325 3 1 
188 44.678060 10.893056 0.71682 4 0.55814 11.9808 0 0.97351 9.3325 3 1 
189 44.647191 10.919890 1.26791 1 3.04286 21.33838 0 7.54948 3.3550 2 2 
190 44.675135 10.959429 1.61198 2 1.87511 14.73976 0 4.65248 5.3325 5 1 
191 44.723040 10.900088 1.61198 2 1.87511 14.73976 0 4.65248 5.3325 5 1 
192 44.645161 10.928992 2.18337 3 2.86092 12.87719 0 9.76457 7.3525 1 2 
193 44.843135 11.146038 1.26791 1 3.04286 21.33838 0 7.54948 3.3550 2 2 
194 44.643934 10.929792 2.18337 3 2.86092 12.87719 0 9.76457 7.3525 1 2 
195 44.639786 10.891890 0.71682 4 0.55814 11.9808 0 0.97351 9.3325 3 1 
196 44.643031 10.934915 0.71682 4 0.55814 11.9808 0 0.97351 9.3325 3 1 
197 44.661658 10.888580 1.61198 2 1.87511 14.73976 0 4.65248 5.3325 5 1 
198 44.661748 10.908158 2.18337 3 2.86092 12.87719 0 9.76457 7.3525 1 2 
199 44.662142 10.929289 6.17007 1 7.85673 37.57603 0 6.59389 3.7975 4 4 
200 44.628160 10.892855 1.26791 1 3.04286 21.33838 0 7.54948 3.3550 2 2 
201 44.657913 10.903107 6.17007 1 7.85673 37.57603 0 6.59389 3.7975 4 4 
202 44.643877 10.926382 2.18337 3 2.86092 12.87719 0 9.76457 7.3525 1 2 
203 44.632230 10.947447 6.17007 1 7.85673 37.57603 0 6.59389 3.7975 4 4 
204 44.637345 10.917497 0.71682 4 0.55814 11.9808 0 0.97351 9.3325 3 1 
205 44.637662 10.940099 0.71682 4 0.55814 11.9808 0 0.97351 9.3325 3 1 
206 44.668256 10.930643 2.18337 3 2.86092 12.87719 0 9.76457 7.3525 1 2 
207 44.530257 11.019961 0.71682 4 0.55814 11.9808 0 0.97351 9.3325 3 1 
208 44.646381 10.918656 6.17007 1 7.85673 37.57603 0 6.59389 3.7975 4 4 
209 44.661960 10.889476 2.18337 3 2.86092 12.87719 0 9.76457 7.3525 1 2 
210 44.629817 10.911359 2.18337 3 2.86092 12.87719 0 9.76457 7.3525 1 2 
211 44.634838 10.974548 1.26791 1 3.04286 21.33838 0 7.54948 3.3550 2 2 
212 44.621347 10.931603 1.26791 1 3.04286 21.33838 0 7.54948 3.3550 2 2 
213 44.645864 10.922327 1.26791 1 3.04286 21.33838 0 7.54948 3.3550 2 2 
214 44.643803 10.890940 2.18337 3 2.86092 12.87719 0 9.76457 7.3525 1 2 
215 44.664204 10.974826 6.17007 1 7.85673 37.57603 0 6.59389 3.7975 4 4 
216 44.706670 11.104341 6.17007 1 7.85673 37.57603 0 6.59389 3.7975 4 4 
217 44.647839 10.924372 1.26791 1 3.04286 21.33838 0 7.54948 3.3550 2 2 
218 44.645533 10.972414 2.18337 3 2.86092 12.87719 0 9.76457 7.3525 1 2 
219 44.661757 10.893162 6.17007 1 7.85673 37.57603 0 6.59389 3.7975 4 4 
220 44.656795 10.914978 1.26791 1 3.04286 21.33838 0 7.54948 3.3550 2 2 
221 44.662918 10.925206 0.71682 4 0.55814 11.9808 0 0.97351 9.3325 3 1 
222 44.646286 10.850892 1.26791 1 3.04286 21.33838 0 7.54948 3.3550 2 2 
223 44.640937 10.861207 2.18337 3 2.86092 12.87719 0 9.76457 7.3525 1 2 
224 44.649393 10.924580 6.17007 1 7.85673 37.57603 0 6.59389 3.7975 4 4 
225 44.595794 10.929986 0.71682 4 0.55814 11.9808 0 0.97351 9.3325 3 1 
226 44.639989 10.926191 2.18337 3 2.86092 12.87719 0 9.76457 7.3525 1 2 
227 44.643318 10.940758 1.26791 1 3.04286 21.33838 0 7.54948 3.3550 2 2 
228 44.641756 10.899191 6.17007 1 7.85673 37.57603 0 6.59389 3.7975 4 4 
229 44.646601 10.855335 2.18337 3 2.86092 12.87719 0 9.76457 7.3525 1 2 
230 44.836883 11.299507 1.61198 2 1.87511 14.73976 0 4.65248 5.3325 5 1 
231 44.658186 10.902136 1.61198 2 1.87511 14.73976 0 4.65248 5.3325 5 1 
232 44.642101 10.913961 1.61198 2 1.87511 14.73976 0 4.65248 5.3325 5 1 
233 44.649250 10.925743 1.26791 1 3.04286 21.33838 0 7.54948 3.3550 2 2 
234 44.633559 10.959935 6.17007 1 7.85673 37.57603 0 6.59389 3.7975 4 4 
235 44.660254 10.883688 1.61198 2 1.87511 14.73976 0 4.65248 5.3325 5 1 
236 44.676294 10.934989 2.18337 3 2.86092 12.87719 0 9.76457 7.3525 1 2 
237 44.638372 10.920484 2.18337 3 2.86092 12.87719 0 9.76457 7.3525 1 2 
238 44.598609 10.959842 0.71682 4 0.55814 11.9808 0 0.97351 9.3325 3 1 
239 44.637372 10.797124 1.61198 2 1.87511 14.73976 0 4.65248 5.3325 5 1 
240 44.572426 10.941783 2.18337 3 2.86092 12.87719 0 9.76457 7.3525 1 2 
241 44.657234 10.864061 1.26791 1 3.04286 21.33838 0 7.54948 3.3550 2 2 
242 44.632161 10.795203 1.61198 2 1.87511 14.73976 0 4.65248 5.3325 5 1 
243 44.605376 10.997620 1.61198 2 1.87511 14.73976 0 4.65248 5.3325 5 1 
244 44.641108 10.804805 6.17007 1 7.85673 37.57603 0 6.59389 3.7975 4 4 
245 44.579704 10.945882 1.61198 2 1.87511 14.73976 0 4.65248 5.3325 5 1 
246 44.640743 10.908169 1.26791 1 3.04286 21.33838 0 7.54948 3.3550 2 2 
247 44.603635 10.863614 0.71682 4 0.55814 11.9808 0 0.97351 9.3325 3 1 
248 44.653991 10.914715 1.26791 1 3.04286 21.33838 0 7.54948 3.3550 2 2 
249 44.646504 10.840999 1.26791 1 3.04286 21.33838 0 7.54948 3.3550 2 2 
250 44.636657 10.910483 6.17007 1 7.85673 37.57603 0 6.59389 3.7975 4 4 
251 44.611956 10.890166 0.71682 4 0.55814 11.9808 0 0.97351 9.3325 3 1 
252 44.654678 10.942877 0.71682 4 0.55814 11.9808 0 0.97351 9.3325 3 1 
253 44.645480 10.924387 6.17007 1 7.85673 37.57603 0 6.59389 3.7975 4 4 
254 44.659551 10.898291 0.71682 4 0.55814 11.9808 0 0.97351 9.3325 3 1 
255 44.621395 10.917592 1.61198 2 1.87511 14.73976 0 4.65248 5.3325 5 1 
256 44.658013 10.947920 2.18337 3 2.86092 12.87719 0 9.76457 7.3525 1 2 
257 44.642258 10.911866 0.71682 4 0.55814 11.9808 0 0.97351 9.3325 3 1 
258 44.657915 10.914884 1.26791 1 3.04286 21.33838 0 7.54948 3.3550 2 2 
259 44.624450 10.911829 1.26791 1 3.04286 21.33838 0 7.54948 3.3550 2 2 
260 44.636898 10.955762 2.18337 3 2.86092 12.87719 0 9.76457 7.3525 1 2 
261 44.517551 10.859047 0.71682 4 0.55814 11.9808 0 0.97351 9.3325 3 1 
262 44.651619 10.804524 2.18337 3 2.86092 12.87719 0 9.76457 7.3525 1 2 
263 44.580577 10.939358 1.26791 1 3.04286 21.33838 0 7.54948 3.3550 2 2 
264 44.638479 10.957922 6.17007 1 7.85673 37.57603 0 6.59389 3.7975 4 4 
265 44.630928 10.901713 6.17007 1 7.85673 37.57603 0 6.59389 3.7975 4 4 
266 44.638193 10.949588 6.17007 1 7.85673 37.57603 0 6.59389 3.7975 4 4 
267 44.659824 10.910984 0.71682 4 0.55814 11.9808 0 0.97351 9.3325 3 1 
268 44.656542 10.947323 2.18337 3 2.86092 12.87719 0 9.76457 7.3525 1 2 
269 44.619807 10.930975 6.17007 1 7.85673 37.57603 0 6.59389 3.7975 4 4 
270 44.654136 10.918169 2.18337 3 2.86092 12.87719 0 9.76457 7.3525 1 2 
271 44.628088 10.916608 0.71682 4 0.55814 11.9808 0 0.97351 9.3325 3 1 
272 44.647459 10.922236 0.71682 4 0.55814 11.9808 0 0.97351 9.3325 3 1 
273 44.626559 10.927149 1.26791 1 3.04286 21.33838 0 7.54948 3.3550 2 2 
274 44.636656 10.874929 6.17007 1 7.85673 37.57603 0 6.59389 3.7975 4 4 
275 44.614015 10.951830 0.71682 4 0.55814 11.9808 0 0.97351 9.3325 3 1 
276 44.747142 10.976170 1.61198 2 1.87511 14.73976 0 4.65248 5.3325 5 1 
277 44.600043 10.971707 1.61198 2 1.87511 14.73976 0 4.65248 5.3325 5 1 
278 44.624878 10.930252 1.61198 2 1.87511 14.73976 0 4.65248 5.3325 5 1 
279 44.656419 10.909598 6.17007 1 7.85673 37.57603 0 6.59389 3.7975 4 4 
280 44.882211 11.059934 1.61198 2 1.87511 14.73976 0 4.65248 5.3325 5 1 
281 44.683930 10.869963 1.61198 2 1.87511 14.73976 0 4.65248 5.3325 5 1 
282 44.629552 10.902643 1.61198 2 1.87511 14.73976 0 4.65248 5.3325 5 1 
283 44.616847 10.909007 2.18337 3 2.86092 12.87719 0 9.76457 7.3525 1 2 
284 44.675603 11.016675 6.17007 1 7.85673 37.57603 0 6.59389 3.7975 4 4 
285 44.651670 10.894234 1.26791 1 3.04286 21.33838 0 7.54948 3.3550 2 2 
286 44.641509 10.901891 1.61198 2 1.87511 14.73976 0 4.65248 5.3325 5 1 
287 44.638668 10.897724 6.17007 1 7.85673 37.57603 0 6.59389 3.7975 4 4 
288 44.647028 10.899999 2.18337 3 2.86092 12.87719 0 9.76457 7.3525 1 2 
289 44.640370 10.942235 6.17007 1 7.85673 37.57603 0 6.59389 3.7975 4 4 
290 44.656842 10.944167 2.18337 3 2.86092 12.87719 0 9.76457 7.3525 1 2 
291 44.630360 10.921717 1.61198 2 1.87511 14.73976 0 4.65248 5.3325 5 1 
292 44.656819 10.911915 6.17007 1 7.85673 37.57603 0 6.59389 3.7975 4 4 
293 44.634377 10.894371 2.18337 3 2.86092 12.87719 0 9.76457 7.3525 1 2 
294 44.627169 10.922451 2.18337 3 2.86092 12.87719 0 9.76457 7.3525 1 2 
295 44.839309 11.305532 1.61198 2 1.87511 14.73976 0 4.65248 5.3325 5 1 
296 44.622959 10.928795 6.17007 1 7.85673 37.57603 0 6.59389 3.7975 4 4 
297 44.626159 10.928194 1.26791 1 3.04286 21.33838 0 7.54948 3.3550 2 2 
298 44.645292 10.941505 2.18337 3 2.86092 12.87719 0 9.76457 7.3525 1 2 
299 44.652905 10.932157 2.18337 3 2.86092 12.87719 0 9.76457 7.3525 1 2 
300 44.653388 10.940172 2.18337 3 2.86092 12.87719 0 9.76457 7.3525 1 2 
301 44.628203 10.940386 1.61198 2 1.87511 14.73976 0 4.65248 5.3325 5 1 
302 44.633486 10.917572 6.17007 1 7.85673 37.57603 0 6.59389 3.7975 4 4 
303 44.657019 10.893371 1.26791 1 3.04286 21.33838 0 7.54948 3.3550 2 2 
304 44.636704 10.936763 1.61198 2 1.87511 14.73976 0 4.65248 5.3325 5 1 
305 44.659895 10.899966 1.26791 1 3.04286 21.33838 0 7.54948 3.3550 2 2 
306 44.640218 10.913038 6.17007 1 7.85673 37.57603 0 6.59389 3.7975 4 4 
307 44.631654 10.918496 1.26791 1 3.04286 21.33838 0 7.54948 3.3550 2 2 
308 44.658759 10.903604 0.71682 4 0.55814 11.9808 0 0.97351 9.3325 3 1 
309 44.656001 10.892861 1.61198 2 1.87511 14.73976 0 4.65248 5.3325 5 1 
310 44.874220 11.131523 1.26791 1 3.04286 21.33838 0 7.54948 3.3550 2 2 
311 44.600294 10.976759 6.17007 1 7.85673 37.57603 0 6.59389 3.7975 4 4 
312 44.659110 10.970314 6.17007 1 7.85673 37.57603 0 6.59389 3.7975 4 4 
313 44.649567 10.901025 2.18337 3 2.86092 12.87719 0 9.76457 7.3525 1 2 
314 44.650847 10.960200 1.26791 1 3.04286 21.33838 0 7.54948 3.3550 2 2 
315 44.662057 10.942532 2.18337 3 2.86092 12.87719 0 9.76457 7.3525 1 2 
316 44.638905 10.945953 1.26791 1 3.04286 21.33838 0 7.54948 3.3550 2 2 
317 44.660299 10.894826 0.71682 4 0.55814 11.9808 0 0.97351 9.3325 3 1 
318 44.658364 10.903374 6.17007 1 7.85673 37.57603 0 6.59389 3.7975 4 4 
319 44.808582 10.837993 1.61198 2 1.87511 14.73976 0 4.65248 5.3325 5 1 
320 44.630057 10.914521 0.71682 4 0.55814 11.9808 0 0.97351 9.3325 3 1 
321 44.629683 10.924988 0.71682 4 0.55814 11.9808 0 0.97351 9.3325 3 1 
322 44.635215 10.970154 0.71682 4 0.55814 11.9808 0 0.97351 9.3325 3 1 
323 44.609587 10.864279 1.26791 1 3.04286 21.33838 0 7.54948 3.3550 2 2 
324 44.608845 10.865446 6.17007 1 7.85673 37.57603 0 6.59389 3.7975 4 4 
325 44.877803 11.073044 2.18337 3 2.86092 12.87719 0 9.76457 7.3525 1 2 
326 44.636749 10.932037 6.17007 1 7.85673 37.57603 0 6.59389 3.7975 4 4 
327 44.650747 10.897213 1.26791 1 3.04286 21.33838 0 7.54948 3.3550 2 2 
328 44.659895 10.899966 2.18337 3 2.86092 12.87719 0 9.76457 7.3525 1 2 
329 44.653254 10.932656 0.71682 4 0.55814 11.9808 0 0.97351 9.3325 3 1 
330 44.636439 10.950364 2.18337 3 2.86092 12.87719 0 9.76457 7.3525 1 2 
331 44.691359 10.846343 6.17007 1 7.85673 37.57603 0 6.59389 3.7975 4 4 
332 44.627167 10.952076 1.26791 1 3.04286 21.33838 0 7.54948 3.3550 2 2 
333 44.688568 10.916532 1.61198 2 1.87511 14.73976 0 4.65248 5.3325 5 1 
334 44.656430 10.935697 2.18337 3 2.86092 12.87719 0 9.76457 7.3525 1 2 
335 44.641647 10.957794 6.17007 1 7.85673 37.57603 0 6.59389 3.7975 4 4 
336 44.594598 10.958338 2.18337 3 2.86092 12.87719 0 9.76457 7.3525 1 2 
337 44.653310 10.921860 1.61198 2 1.87511 14.73976 0 4.65248 5.3325 5 1 
338 44.634501 10.918805 1.26791 1 3.04286 21.33838 0 7.54948 3.3550 2 2 
339 44.626534 10.941492 6.17007 1 7.85673 37.57603 0 6.59389 3.7975 4 4 
340 44.726204 11.040994 0.71682 4 0.55814 11.9808 0 0.97351 9.3325 3 1 
341 44.536092 10.785718 6.17007 1 7.85673 37.57603 0 6.59389 3.7975 4 4 
342 44.633702 10.918978 6.17007 1 7.85673 37.57603 0 6.59389 3.7975 4 4 
343 44.661768 10.943031 1.26791 1 3.04286 21.33838 0 7.54948 3.3550 2 2 
344 44.645606 10.841911 1.26791 1 3.04286 21.33838 0 7.54948 3.3550 2 2 
345 44.849458 11.207727 0.71682 4 0.55814 11.9808 0 0.97351 9.3325 3 1 
346 44.629604 10.975063 2.18337 3 2.86092 12.87719 0 9.76457 7.3525 1 2 
347 44.654831 10.929634 1.26791 1 3.04286 21.33838 0 7.54948 3.3550 2 2 
348 44.646258 10.920909 6.17007 1 7.85673 37.57603 0 6.59389 3.7975 4 4 
349 44.613327 10.938955 6.17007 1 7.85673 37.57603 0 6.59389 3.7975 4 4 
350 44.648069 10.922534 6.17007 1 7.85673 37.57603 0 6.59389 3.7975 4 4 
351 44.643061 10.886084 1.61198 2 1.87511 14.73976 0 4.65248 5.3325 5 1 
352 44.231260 10.653671 2.18337 3 2.86092 12.87719 0 9.76457 7.3525 1 2 
353 44.661757 10.893162 1.26791 1 3.04286 21.33838 0 7.54948 3.3550 2 2 
354 44.530164 10.863294 0.71682 4 0.55814 11.9808 0 0.97351 9.3325 3 1 
355 44.623070 10.913917 6.17007 1 7.85673 37.57603 0 6.59389 3.7975 4 4 
356 44.690262 10.969892 6.17007 1 7.85673 37.57603 0 6.59389 3.7975 4 4 
357 44.620976 10.920928 2.18337 3 2.86092 12.87719 0 9.76457 7.3525 1 2 
358 44.578293 10.842339 1.26791 1 3.04286 21.33838 0 7.54948 3.3550 2 2 
359 44.641623 10.913198 1.26791 1 3.04286 21.33838 0 7.54948 3.3550 2 2 
360 44.710831 10.893089 2.18337 3 2.86092 12.87719 0 9.76457 7.3525 1 2 
361 44.630149 10.923425 2.18337 3 2.86092 12.87719 0 9.76457 7.3525 1 2 
362 44.620512 10.912136 1.61198 2 1.87511 14.73976 0 4.65248 5.3325 5 1 
363 44.649967 10.907460 0.71682 4 0.55814 11.9808 0 0.97351 9.3325 3 1 
364 44.651057 10.936047 1.61198 2 1.87511 14.73976 0 4.65248 5.3325 5 1 
365 44.632033 10.921797 1.26791 1 3.04286 21.33838 0 7.54948 3.3550 2 2 
366 44.637525 10.928231 0.71682 4 0.55814 11.9808 0 0.97351 9.3325 3 1 
367 44.588975 10.953107 1.61198 2 1.87511 14.73976 0 4.65248 5.3325 5 1 
368 44.542617 10.943059 1.26791 1 3.04286 21.33838 0 7.54948 3.3550 2 2 
369 44.667212 10.938491 6.17007 1 7.85673 37.57603 0 6.59389 3.7975 4 4 
370 44.666557 10.913467 2.18337 3 2.86092 12.87719 0 9.76457 7.3525 1 2 
371 44.655052 10.895586 1.61198 2 1.87511 14.73976 0 4.65248 5.3325 5 1 
372 44.637011 10.903547 1.61198 2 1.87511 14.73976 0 4.65248 5.3325 5 1 
373 44.638285 10.894099 1.61198 2 1.87511 14.73976 0 4.65248 5.3325 5 1 
374 44.500456 11.021603 1.26791 1 3.04286 21.33838 0 7.54948 3.3550 2 2 
375 44.634406 10.975937 2.18337 3 2.86092 12.87719 0 9.76457 7.3525 1 2 
376 44.580871 10.919996 1.26791 1 3.04286 21.33838 0 7.54948 3.3550 2 2 
377 44.637602 10.909784 1.26791 1 3.04286 21.33838 0 7.54948 3.3550 2 2 
378 44.647885 10.927507 6.17007 1 7.85673 37.57603 0 6.59389 3.7975 4 4 
379 44.647346 10.929423 1.26791 1 3.04286 21.33838 0 7.54948 3.3550 2 2 
380 44.657133 10.901686 1.26791 1 3.04286 21.33838 0 7.54948 3.3550 2 2 
381 44.696272 10.917355 1.26791 1 3.04286 21.33838 0 7.54948 3.3550 2 2 
382 44.621012 10.917444 2.18337 3 2.86092 12.87719 0 9.76457 7.3525 1 2 
383 44.642964 10.898701 1.61198 2 1.87511 14.73976 0 4.65248 5.3325 5 1 
384 44.611158 10.892885 6.17007 1 7.85673 37.57603 0 6.59389 3.7975 4 4 
385 44.644965 10.924770 2.18337 3 2.86092 12.87719 0 9.76457 7.3525 1 2 
386 44.643622 10.924285 2.18337 3 2.86092 12.87719 0 9.76457 7.3525 1 2 
387 44.628366 10.833977 1.61198 2 1.87511 14.73976 0 4.65248 5.3325 5 1 
388 44.645527 10.929868 0.71682 4 0.55814 11.9808 0 0.97351 9.3325 3 1 
389 44.675251 11.032612 6.17007 1 7.85673 37.57603 0 6.59389 3.7975 4 4 
390 44.667786 10.937702 2.18337 3 2.86092 12.87719 0 9.76457 7.3525 1 2 
391 44.644582 10.916699 6.17007 1 7.85673 37.57603 0 6.59389 3.7975 4 4 
392 44.684926 10.967801 1.61198 2 1.87511 14.73976 0 4.65248 5.3325 5 1 
393 44.644519 10.923326 1.61198 2 1.87511 14.73976 0 4.65248 5.3325 5 1 
394 44.704257 10.946627 6.17007 1 7.85673 37.57603 0 6.59389 3.7975 4 4 
395 44.644201 10.921690 1.26791 1 3.04286 21.33838 0 7.54948 3.3550 2 2 
396 44.634073 10.933342 1.26791 1 3.04286 21.33838 0 7.54948 3.3550 2 2 
397 44.635764 10.971245 1.26791 1 3.04286 21.33838 0 7.54948 3.3550 2 2 
398 44.632720 10.904139 1.26791 1 3.04286 21.33838 0 7.54948 3.3550 2 2 
399 44.650637 10.954982 1.26791 1 3.04286 21.33838 0 7.54948 3.3550 2 2 
400 44.667430 10.911528 6.17007 1 7.85673 37.57603 0 6.59389 3.7975 4 4 
401 44.632796 10.961863 6.17007 1 7.85673 37.57603 0 6.59389 3.7975 4 4 
402 44.639686 10.959344 2.18337 3 2.86092 12.87719 0 9.76457 7.3525 1 2 
403 44.642272 10.911903 1.61198 2 1.87511 14.73976 0 4.65248 5.3325 5 1 
404 44.631749 10.916527 1.26791 1 3.04286 21.33838 0 7.54948 3.3550 2 2 
405 44.617164 10.871696 1.61198 2 1.87511 14.73976 0 4.65248 5.3325 5 1 
406 44.788902 11.135891 6.17007 1 7.85673 37.57603 0 6.59389 3.7975 4 4 
407 44.643971 10.898794 1.26791 1 3.04286 21.33838 0 7.54948 3.3550 2 2 
408 44.899278 11.064949 1.61198 2 1.87511 14.73976 0 4.65248 5.3325 5 1 
409 44.617010 10.924227 2.18337 3 2.86092 12.87719 0 9.76457 7.3525 1 2 
410 44.650766 10.895095 1.26791 1 3.04286 21.33838 0 7.54948 3.3550 2 2 
411 44.654628 10.929789 1.61198 2 1.87511 14.73976 0 4.65248 5.3325 5 1 
412 44.639516 10.937508 6.17007 1 7.85673 37.57603 0 6.59389 3.7975 4 4 
413 44.606553 10.863299 0.71682 4 0.55814 11.9808 0 0.97351 9.3325 3 1 
414 44.651742 10.927013 2.18337 3 2.86092 12.87719 0 9.76457 7.3525 1 2 
415 44.628194 10.942825 1.61198 2 1.87511 14.73976 0 4.65248 5.3325 5 1 
416 44.653356 10.916260 2.18337 3 2.86092 12.87719 0 9.76457 7.3525 1 2 
417 44.640399 10.963117 6.17007 1 7.85673 37.57603 0 6.59389 3.7975 4 4 
418 44.643971 10.931975 1.61198 2 1.87511 14.73976 0 4.65248 5.3325 5 1 
419 44.641140 10.967674 1.61198 2 1.87511 14.73976 0 4.65248 5.3325 5 1 
420 44.647224 10.937482 6.17007 1 7.85673 37.57603 0 6.59389 3.7975 4 4 
421 44.578913 10.938206 6.17007 1 7.85673 37.57603 0 6.59389 3.7975 4 4 
422 44.627388 10.947458 1.26791 1 3.04286 21.33838 0 7.54948 3.3550 2 2 
423 44.585900 10.971445 0.71682 4 0.55814 11.9808 0 0.97351 9.3325 3 1 
424 44.627402 10.891416 2.18337 3 2.86092 12.87719 0 9.76457 7.3525 1 2 
425 44.585973 10.971270 0.71682 4 0.55814 11.9808 0 0.97351 9.3325 3 1 
426 44.670502 10.934840 0.71682 4 0.55814 11.9808 0 0.97351 9.3325 3 1 
427 44.662205 10.929626 1.61198 2 1.87511 14.73976 0 4.65248 5.3325 5 1 
428 44.645877 10.928974 1.26791 1 3.04286 21.33838 0 7.54948 3.3550 2 2 
429 44.653078 10.913648 2.18337 3 2.86092 12.87719 0 9.76457 7.3525 1 2 
430 44.591613 10.957505 1.61198 2 1.87511 14.73976 0 4.65248 5.3325 5 1 
431 44.714071 10.898405 1.61198 2 1.87511 14.73976 0 4.65248 5.3325 5 1 
432 44.647058 10.842760 2.18337 3 2.86092 12.87719 0 9.76457 7.3525 1 2 
433 44.615921 10.927205 1.61198 2 1.87511 14.73976 0 4.65248 5.3325 5 1 
434 44.602597 10.971684 2.18337 3 2.86092 12.87719 0 9.76457 7.3525 1 2 
435 44.627301 10.903417 1.26791 1 3.04286 21.33838 0 7.54948 3.3550 2 2 
436 44.641374 10.919607 0.71682 4 0.55814 11.9808 0 0.97351 9.3325 3 1 
437 44.620273 10.890021 0.71682 4 0.55814 11.9808 0 0.97351 9.3325 3 1 
438 44.651426 10.931734 1.26791 1 3.04286 21.33838 0 7.54948 3.3550 2 2 
439 44.649934 10.932892 2.18337 3 2.86092 12.87719 0 9.76457 7.3525 1 2 
440 44.640750 10.819774 6.17007 1 7.85673 37.57603 0 6.59389 3.7975 4 4 
441 44.657704 10.913445 0.71682 4 0.55814 11.9808 0 0.97351 9.3325 3 1 
442 44.885152 11.052974 1.61198 2 1.87511 14.73976 0 4.65248 5.3325 5 1 
443 44.635985 10.956004 6.17007 1 7.85673 37.57603 0 6.59389 3.7975 4 4 
444 44.641862 10.832317 2.18337 3 2.86092 12.87719 0 9.76457 7.3525 1 2 
445 44.586460 10.971802 2.18337 3 2.86092 12.87719 0 9.76457 7.3525 1 2 
446 44.547036 10.791965 1.26791 1 3.04286 21.33838 0 7.54948 3.3550 2 2 
447 44.599069 10.980159 2.18337 3 2.86092 12.87719 0 9.76457 7.3525 1 2 
448 44.601714 10.971095 6.17007 1 7.85673 37.57603 0 6.59389 3.7975 4 4 
449 44.543522 10.781224 2.18337 3 2.86092 12.87719 0 9.76457 7.3525 1 2 
450 44.527046 10.874341 2.18337 3 2.86092 12.87719 0 9.76457 7.3525 1 2 
451 44.628281 10.896484 6.17007 1 7.85673 37.57603 0 6.59389 3.7975 4 4 
452 44.630239 10.974414 0.71682 4 0.55814 11.9808 0 0.97351 9.3325 3 1 
453 44.537016 10.791756 6.17007 1 7.85673 37.57603 0 6.59389 3.7975 4 4 
454 44.657216 10.932591 0.71682 4 0.55814 11.9808 0 0.97351 9.3325 3 1 
455 44.629612 10.951159 2.18337 3 2.86092 12.87719 0 9.76457 7.3525 1 2 
456 44.657566 10.902329 6.17007 1 7.85673 37.57603 0 6.59389 3.7975 4 4 
457 44.631288 10.903670 6.17007 1 7.85673 37.57603 0 6.59389 3.7975 4 4 
458 44.627062 10.918328 2.18337 3 2.86092 12.87719 0 9.76457 7.3525 1 2 
459 44.576465 10.839595 1.26791 1 3.04286 21.33838 0 7.54948 3.3550 2 2 
460 44.668651 10.933893 0.71682 4 0.55814 11.9808 0 0.97351 9.3325 3 1 
461 44.609512 10.989024 6.17007 1 7.85673 37.57603 0 6.59389 3.7975 4 4 
462 44.890527 10.902993 6.17007 1 7.85673 37.57603 0 6.59389 3.7975 4 4 
463 44.688721 10.965529 6.17007 1 7.85673 37.57603 0 6.59389 3.7975 4 4 
464 44.643863 10.925188 6.17007 1 7.85673 37.57603 0 6.59389 3.7975 4 4 
465 44.652394 10.941063 0.71682 4 0.55814 11.9808 0 0.97351 9.3325 3 1 
466 44.645791 10.920157 2.18337 3 2.86092 12.87719 0 9.76457 7.3525 1 2 
467 44.634697 10.906682 1.26791 1 3.04286 21.33838 0 7.54948 3.3550 2 2 
468 44.666354 10.935281 1.61198 2 1.87511 14.73976 0 4.65248 5.3325 5 1 
469 44.646686 10.932939 0.71682 4 0.55814 11.9808 0 0.97351 9.3325 3 1 
470 44.638480 10.899030 1.61198 2 1.87511 14.73976 0 4.65248 5.3325 5 1 
471 44.629577 10.870020 1.61198 2 1.87511 14.73976 0 4.65248 5.3325 5 1 
472 44.639138 10.915636 0.71682 4 0.55814 11.9808 0 0.97351 9.3325 3 1 
473 44.607556 10.860359 0.71682 4 0.55814 11.9808 0 0.97351 9.3325 3 1 
474 44.642117 10.964191 2.18337 3 2.86092 12.87719 0 9.76457 7.3525 1 2 
475 44.677450 11.040029 2.18337 3 2.86092 12.87719 0 9.76457 7.3525 1 2 
476 44.632002 10.951581 6.17007 1 7.85673 37.57603 0 6.59389 3.7975 4 4 
477 44.659502 10.901343 0.71682 4 0.55814 11.9808 0 0.97351 9.3325 3 1 
478 44.626907 10.904886 2.18337 3 2.86092 12.87719 0 9.76457 7.3525 1 2 
479 44.628163 10.893693 0.71682 4 0.55814 11.9808 0 0.97351 9.3325 3 1 
480 44.643637 10.929737 1.61198 2 1.87511 14.73976 0 4.65248 5.3325 5 1 
481 44.636492 10.962648 1.61198 2 1.87511 14.73976 0 4.65248 5.3325 5 1 
482 44.613852 10.887416 0.71682 4 0.55814 11.9808 0 0.97351 9.3325 3 1 
483 44.621478 10.909658 1.61198 2 1.87511 14.73976 0 4.65248 5.3325 5 1 
484 44.633327 10.936376 2.18337 3 2.86092 12.87719 0 9.76457 7.3525 1 2 
485 44.674217 10.952219 1.26791 1 3.04286 21.33838 0 7.54948 3.3550 2 2 
486 44.550152 10.924810 2.18337 3 2.86092 12.87719 0 9.76457 7.3525 1 2 
487 44.629734 10.970472 1.26791 1 3.04286 21.33838 0 7.54948 3.3550 2 2 
488 44.648266 10.909767 6.17007 1 7.85673 37.57603 0 6.59389 3.7975 4 4 
489 44.640327 10.918668 6.17007 1 7.85673 37.57603 0 6.59389 3.7975 4 4 
490 44.629552 10.902643 6.17007 1 7.85673 37.57603 0 6.59389 3.7975 4 4 
491 44.600149 10.860586 1.26791 1 3.04286 21.33838 0 7.54948 3.3550 2 2 
492 44.667966 10.937350 2.18337 3 2.86092 12.87719 0 9.76457 7.3525 1 2 
493 44.655234 10.962582 2.18337 3 2.86092 12.87719 0 9.76457 7.3525 1 2 
494 44.630848 10.935448 6.17007 1 7.85673 37.57603 0 6.59389 3.7975 4 4 
495 44.618136 10.924923 0.71682 4 0.55814 11.9808 0 0.97351 9.3325 3 1 
496 44.535869 11.016590 1.61198 2 1.87511 14.73976 0 4.65248 5.3325 5 1 
497 44.640107 10.896095 1.61198 2 1.87511 14.73976 0 4.65248 5.3325 5 1 
498 44.650097 10.939213 1.26791 1 3.04286 21.33838 0 7.54948 3.3550 2 2 
499 44.640469 10.917892 0.71682 4 0.55814 11.9808 0 0.97351 9.3325 3 1 
500 44.655157 10.937415 6.17007 1 7.85673 37.57603 0 6.59389 3.7975 4 4 
501 44.621911 10.937752 2.18337 3 2.86092 12.87719 0 9.76457 7.3525 1 2 
502 44.660610 10.899717 0.71682 4 0.55814 11.9808 0 0.97351 9.3325 3 1 
503 44.626765 10.930694 1.61198 2 1.87511 14.73976 0 4.65248 5.3325 5 1 
504 44.631483 10.966768 1.26791 1 3.04286 21.33838 0 7.54948 3.3550 2 2 
505 44.704346 10.900756 1.61198 2 1.87511 14.73976 0 4.65248 5.3325 5 1 
506 44.525286 10.893328 2.18337 3 2.86092 12.87719 0 9.76457 7.3525 1 2 
507 44.653593 10.902316 1.26791 1 3.04286 21.33838 0 7.54948 3.3550 2 2 
508 44.287734 10.673753 1.61198 2 1.87511 14.73976 0 4.65248 5.3325 5 1 
509 44.618683 10.932906 1.26791 1 3.04286 21.33838 0 7.54948 3.3550 2 2 
510 44.684816 10.890356 6.17007 1 7.85673 37.57603 0 6.59389 3.7975 4 4 
511 44.630983 10.937609 0.71682 4 0.55814 11.9808 0 0.97351 9.3325 3 1 
512 44.586021 10.915017 1.26791 1 3.04286 21.33838 0 7.54948 3.3550 2 2 
513 44.640641 10.966316 1.26791 1 3.04286 21.33838 0 7.54948 3.3550 2 2 
514 44.629322 10.918539 6.17007 1 7.85673 37.57603 0 6.59389 3.7975 4 4 
515 44.636347 10.895024 0.71682 4 0.55814 11.9808 0 0.97351 9.3325 3 1 
516 44.652963 10.941439 2.18337 3 2.86092 12.87719 0 9.76457 7.3525 1 2 
517 44.634962 10.908556 1.26791 1 3.04286 21.33838 0 7.54948 3.3550 2 2 
518 44.688915 10.919713 0.71682 4 0.55814 11.9808 0 0.97351 9.3325 3 1 
519 44.604387 10.968903 1.61198 2 1.87511 14.73976 0 4.65248 5.3325 5 1 
520 44.655253 10.886457 0.71682 4 0.55814 11.9808 0 0.97351 9.3325 3 1 
521 44.654995 10.877398 1.26791 1 3.04286 21.33838 0 7.54948 3.3550 2 2 
522 44.622545 10.929545 1.61198 2 1.87511 14.73976 0 4.65248 5.3325 5 1 
523 44.637842 10.935338 1.26791 1 3.04286 21.33838 0 7.54948 3.3550 2 2 
524 44.627633 10.896664 6.17007 1 7.85673 37.57603 0 6.59389 3.7975 4 4 
525 44.628446 10.914559 0.71682 4 0.55814 11.9808 0 0.97351 9.3325 3 1 
526 44.637133 10.913905 1.61198 2 1.87511 14.73976 0 4.65248 5.3325 5 1 
527 44.662224 10.888894 2.18337 3 2.86092 12.87719 0 9.76457 7.3525 1 2 
528 44.633814 10.918435 0.71682 4 0.55814 11.9808 0 0.97351 9.3325 3 1 
529 44.616335 10.927542 0.71682 4 0.55814 11.9808 0 0.97351 9.3325 3 1 
530 44.697617 10.905624 6.17007 1 7.85673 37.57603 0 6.59389 3.7975 4 4 
531 44.670082 10.869722 0.71682 4 0.55814 11.9808 0 0.97351 9.3325 3 1 
532 44.637409 10.949981 0.71682 4 0.55814 11.9808 0 0.97351 9.3325 3 1 
533 44.657087 10.961335 1.61198 2 1.87511 14.73976 0 4.65248 5.3325 5 1 
534 44.643647 10.916386 2.18337 3 2.86092 12.87719 0 9.76457 7.3525 1 2 
535 44.618619 10.887601 0.71682 4 0.55814 11.9808 0 0.97351 9.3325 3 1 
536 44.628547 10.911876 2.18337 3 2.86092 12.87719 0 9.76457 7.3525 1 2 
537 44.656381 10.903127 0.71682 4 0.55814 11.9808 0 0.97351 9.3325 3 1 
538 44.656150 10.969054 6.17007 1 7.85673 37.57603 0 6.59389 3.7975 4 4 
539 44.635731 10.871516 1.26791 1 3.04286 21.33838 0 7.54948 3.3550 2 2 
540 44.842036 11.057235 2.18337 3 2.86092 12.87719 0 9.76457 7.3525 1 2 
541 44.631074 10.951644 2.18337 3 2.86092 12.87719 0 9.76457 7.3525 1 2 
542 44.535858 10.814282 0.71682 4 0.55814 11.9808 0 0.97351 9.3325 3 1 
543 44.546610 10.777632 0.71682 4 0.55814 11.9808 0 0.97351 9.3325 3 1 
544 44.646067 10.852251 1.61198 2 1.87511 14.73976 0 4.65248 5.3325 5 1 
545 44.644588 10.887783 2.18337 3 2.86092 12.87719 0 9.76457 7.3525 1 2 
546 44.652093 10.934599 0.71682 4 0.55814 11.9808 0 0.97351 9.3325 3 1 
547 44.892099 10.901418 1.26791 1 3.04286 21.33838 0 7.54948 3.3550 2 2 
548 44.651885 10.958244 6.17007 1 7.85673 37.57603 0 6.59389 3.7975 4 4 
549 44.635382 10.969646 6.17007 1 7.85673 37.57603 0 6.59389 3.7975 4 4 
550 44.536802 10.813365 0.71682 4 0.55814 11.9808 0 0.97351 9.3325 3 1 
551 44.631068 10.898911 2.18337 3 2.86092 12.87719 0 9.76457 7.3525 1 2 
552 44.671533 10.939246 6.17007 1 7.85673 37.57603 0 6.59389 3.7975 4 4 
553 44.512426 10.946981 6.17007 1 7.85673 37.57603 0 6.59389 3.7975 4 4 
554 44.651327 10.928222 1.26791 1 3.04286 21.33838 0 7.54948 3.3550 2 2 
555 44.624830 10.928146 2.18337 3 2.86092 12.87719 0 9.76457 7.3525 1 2 
556 44.629643 10.916028 2.18337 3 2.86092 12.87719 0 9.76457 7.3525 1 2 
557 44.635050 10.931091 1.26791 1 3.04286 21.33838 0 7.54948 3.3550 2 2 
558 44.651177 10.950521 2.18337 3 2.86092 12.87719 0 9.76457 7.3525 1 2 
559 44.653465 10.944126 2.18337 3 2.86092 12.87719 0 9.76457 7.3525 1 2 
560 44.651441 10.943968 6.17007 1 7.85673 37.57603 0 6.59389 3.7975 4 4 
561 44.654201 10.951187 2.18337 3 2.86092 12.87719 0 9.76457 7.3525 1 2 
562 44.652975 10.944591 0.71682 4 0.55814 11.9808 0 0.97351 9.3325 3 1 
563 44.654849 10.949426 0.71682 4 0.55814 11.9808 0 0.97351 9.3325 3 1 
564 44.653286 10.948375 1.26791 1 3.04286 21.33838 0 7.54948 3.3550 2 2 
565 44.654398 10.947156 2.18337 3 2.86092 12.87719 0 9.76457 7.3525 1 2 
566 44.640670 10.907158 1.61198 2 1.87511 14.73976 0 4.65248 5.3325 5 1 
567 44.641348 10.955361 2.18337 3 2.86092 12.87719 0 9.76457 7.3525 1 2 
568 44.640473 10.964498 0.71682 4 0.55814 11.9808 0 0.97351 9.3325 3 1 
569 44.644663 10.942872 6.17007 1 7.85673 37.57603 0 6.59389 3.7975 4 4 
570 44.653930 10.912998 2.18337 3 2.86092 12.87719 0 9.76457 7.3525 1 2 
571 44.630846 10.970793 2.18337 3 2.86092 12.87719 0 9.76457 7.3525 1 2 
572 44.658901 10.879782 1.26791 1 3.04286 21.33838 0 7.54948 3.3550 2 2 
573 44.643784 10.912655 2.18337 3 2.86092 12.87719 0 9.76457 7.3525 1 2 
574 44.665059 10.898412 0.71682 4 0.55814 11.9808 0 0.97351 9.3325 3 1 
575 44.507861 10.945151 6.17007 1 7.85673 37.57603 0 6.59389 3.7975 4 4 
576 44.641659 10.951828 2.18337 3 2.86092 12.87719 0 9.76457 7.3525 1 2 
577 44.629935 10.910739 1.26791 1 3.04286 21.33838 0 7.54948 3.3550 2 2 
578 44.603461 10.870396 1.61198 2 1.87511 14.73976 0 4.65248 5.3325 5 1 
579 44.579629 10.939832 2.18337 3 2.86092 12.87719 0 9.76457 7.3525 1 2 
580 44.627832 10.975776 0.71682 4 0.55814 11.9808 0 0.97351 9.3325 3 1 
581 44.524906 10.857139 6.17007 1 7.85673 37.57603 0 6.59389 3.7975 4 4 
582 44.649623 10.798980 0.71682 4 0.55814 11.9808 0 0.97351 9.3325 3 1 
583 44.883938 11.074567 6.17007 1 7.85673 37.57603 0 6.59389 3.7975 4 4 
584 44.709257 10.915417 2.18337 3 2.86092 12.87719 0 9.76457 7.3525 1 2 
585 44.643939 10.928933 0.71682 4 0.55814 11.9808 0 0.97351 9.3325 3 1 
586 44.661430 10.936986 1.26791 1 3.04286 21.33838 0 7.54948 3.3550 2 2 
587 44.638616 10.911739 0.71682 4 0.55814 11.9808 0 0.97351 9.3325 3 1 
588 44.622446 10.921893 1.61198 2 1.87511 14.73976 0 4.65248 5.3325 5 1 
589 44.647725 10.924663 6.17007 1 7.85673 37.57603 0 6.59389 3.7975 4 4 
590 44.644793 10.908556 2.18337 3 2.86092 12.87719 0 9.76457 7.3525 1 2 
591 44.625318 10.894154 0.71682 4 0.55814 11.9808 0 0.97351 9.3325 3 1 
592 44.646696 10.927112 1.26791 1 3.04286 21.33838 0 7.54948 3.3550 2 2 
593 44.652502 10.933116 2.18337 3 2.86092 12.87719 0 9.76457 7.3525 1 2 
594 44.585493 11.021807 1.26791 1 3.04286 21.33838 0 7.54948 3.3550 2 2 
595 44.891514 10.899811 2.18337 3 2.86092 12.87719 0 9.76457 7.3525 1 2 
596 44.625334 10.936794 1.61198 2 1.87511 14.73976 0 4.65248 5.3325 5 1 
597 44.640218 10.913038 1.26791 1 3.04286 21.33838 0 7.54948 3.3550 2 2 
598 44.629911 10.915059 1.26791 1 3.04286 21.33838 0 7.54948 3.3550 2 2 
599 44.632760 10.917931 1.26791 1 3.04286 21.33838 0 7.54948 3.3550 2 2 
600 44.652105 10.941882 6.17007 1 7.85673 37.57603 0 6.59389 3.7975 4 4 
601 44.641707 10.952831 1.26791 1 3.04286 21.33838 0 7.54948 3.3550 2 2 
602 44.654835 10.887203 2.18337 3 2.86092 12.87719 0 9.76457 7.3525 1 2 
603 44.659414 10.936595 0.71682 4 0.55814 11.9808 0 0.97351 9.3325 3 1 
604 44.630996 10.897647 0.71682 4 0.55814 11.9808 0 0.97351 9.3325 3 1 
605 44.690809 10.971557 1.61198 2 1.87511 14.73976 0 4.65248 5.3325 5 1 
606 44.669708 10.897511 1.26791 1 3.04286 21.33838 0 7.54948 3.3550 2 2 
607 44.751810 11.005553 1.26791 1 3.04286 21.33838 0 7.54948 3.3550 2 2 
608 44.571586 10.856023 2.18337 3 2.86092 12.87719 0 9.76457 7.3525 1 2 
609 44.674959 11.031031 1.61198 2 1.87511 14.73976 0 4.65248 5.3325 5 1 
610 44.604313 10.970174 6.17007 1 7.85673 37.57603 0 6.59389 3.7975 4 4 
611 44.634734 10.947882 2.18337 3 2.86092 12.87719 0 9.76457 7.3525 1 2 
612 44.690952 10.840938 0.71682 4 0.55814 11.9808 0 0.97351 9.3325 3 1 
613 44.584341 11.078741 6.17007 1 7.85673 37.57603 0 6.59389 3.7975 4 4 
614 44.630857 10.912677 6.17007 1 7.85673 37.57603 0 6.59389 3.7975 4 4 
615 44.646008 10.928593 6.17007 1 7.85673 37.57603 0 6.59389 3.7975 4 4 
616 44.647663 10.927899 2.18337 3 2.86092 12.87719 0 9.76457 7.3525 1 2 
617 44.686200 10.917084 1.61198 2 1.87511 14.73976 0 4.65248 5.3325 5 1 
618 44.650243 10.919688 0.71682 4 0.55814 11.9808 0 0.97351 9.3325 3 1 
619 44.565545 11.036248 2.18337 3 2.86092 12.87719 0 9.76457 7.3525 1 2 
620 44.567571 10.833677 0.71682 4 0.55814 11.9808 0 0.97351 9.3325 3 1 
621 44.644731 10.926218 1.26791 1 3.04286 21.33838 0 7.54948 3.3550 2 2 
622 44.625819 10.942849 2.18337 3 2.86092 12.87719 0 9.76457 7.3525 1 2 
623 44.666505 10.912130 0.71682 4 0.55814 11.9808 0 0.97351 9.3325 3 1 
624 44.629951 10.918383 1.61198 2 1.87511 14.73976 0 4.65248 5.3325 5 1 
625 44.657409 10.912315 1.26791 1 3.04286 21.33838 0 7.54948 3.3550 2 2 
626 44.657687 10.977480 2.18337 3 2.86092 12.87719 0 9.76457 7.3525 1 2 
627 44.640198 10.938021 1.61198 2 1.87511 14.73976 0 4.65248 5.3325 5 1 
628 44.838341 11.304238 0.71682 4 0.55814 11.9808 0 0.97351 9.3325 3 1 
629 44.624814 10.937688 0.71682 4 0.55814 11.9808 0 0.97351 9.3325 3 1 
630 44.619327 10.991242 0.71682 4 0.55814 11.9808 0 0.97351 9.3325 3 1 
631 44.841945 10.959503 0.71682 4 0.55814 11.9808 0 0.97351 9.3325 3 1 
632 44.655970 10.949777 2.18337 3 2.86092 12.87719 0 9.76457 7.3525 1 2 
633 44.625200 10.925519 0.71682 4 0.55814 11.9808 0 0.97351 9.3325 3 1 
634 44.647604 10.943819 1.26791 1 3.04286 21.33838 0 7.54948 3.3550 2 2 
635 44.617622 10.932177 6.17007 1 7.85673 37.57603 0 6.59389 3.7975 4 4 
636 44.658991 10.881291 1.61198 2 1.87511 14.73976 0 4.65248 5.3325 5 1 
637 44.637326 10.938163 0.71682 4 0.55814 11.9808 0 0.97351 9.3325 3 1 
638 44.627114 10.948538 1.61198 2 1.87511 14.73976 0 4.65248 5.3325 5 1 
639 44.713931 10.913336 1.26791 1 3.04286 21.33838 0 7.54948 3.3550 2 2 
640 44.649160 10.923931 0.71682 4 0.55814 11.9808 0 0.97351 9.3325 3 1 
641 44.644287 10.912538 1.26791 1 3.04286 21.33838 0 7.54948 3.3550 2 2 
642 44.628905 10.919377 2.18337 3 2.86092 12.87719 0 9.76457 7.3525 1 2 
643 44.845700 11.072764 0.71682 4 0.55814 11.9808 0 0.97351 9.3325 3 1 
644 44.667607 10.946827 6.17007 1 7.85673 37.57603 0 6.59389 3.7975 4 4 
645 44.668482 10.864839 1.61198 2 1.87511 14.73976 0 4.65248 5.3325 5 1 
646 44.652706 10.934439 6.17007 1 7.85673 37.57603 0 6.59389 3.7975 4 4 
647 44.689984 10.974721 6.17007 1 7.85673 37.57603 0 6.59389 3.7975 4 4 
648 44.648011 10.922960 1.26791 1 3.04286 21.33838 0 7.54948 3.3550 2 2 
649 44.641933 10.922145 0.71682 4 0.55814 11.9808 0 0.97351 9.3325 3 1 
650 44.656418 10.910370 0.71682 4 0.55814 11.9808 0 0.97351 9.3325 3 1 
651 44.644802 10.921053 0.71682 4 0.55814 11.9808 0 0.97351 9.3325 3 1 
652 44.650803 10.935173 2.18337 3 2.86092 12.87719 0 9.76457 7.3525 1 2 
653 44.600885 10.976948 6.17007 1 7.85673 37.57603 0 6.59389 3.7975 4 4 
654 44.644858 10.933528 1.26791 1 3.04286 21.33838 0 7.54948 3.3550 2 2 
655 44.674005 10.899461 1.26791 1 3.04286 21.33838 0 7.54948 3.3550 2 2 
656 44.666815 10.944716 6.17007 1 7.85673 37.57603 0 6.59389 3.7975 4 4 
657 44.661658 10.888580 6.17007 1 7.85673 37.57603 0 6.59389 3.7975 4 4 
658 44.631915 10.954364 1.26791 1 3.04286 21.33838 0 7.54948 3.3550 2 2 
659 44.635745 10.896464 2.18337 3 2.86092 12.87719 0 9.76457 7.3525 1 2 
660 44.644342 10.895220 0.71682 4 0.55814 11.9808 0 0.97351 9.3325 3 1 
661 44.653058 10.916925 6.17007 1 7.85673 37.57603 0 6.59389 3.7975 4 4 
662 44.644947 10.912165 1.61198 2 1.87511 14.73976 0 4.65248 5.3325 5 1 
663 44.644835 10.896816 0.71682 4 0.55814 11.9808 0 0.97351 9.3325 3 1 
664 44.647991 10.899833 1.26791 1 3.04286 21.33838 0 7.54948 3.3550 2 2 
665 44.721629 10.891531 1.26791 1 3.04286 21.33838 0 7.54948 3.3550 2 2 
666 44.655561 10.948998 6.17007 1 7.85673 37.57603 0 6.59389 3.7975 4 4 
667 44.664860 10.934134 1.61198 2 1.87511 14.73976 0 4.65248 5.3325 5 1 
668 44.661259 10.893564 1.61198 2 1.87511 14.73976 0 4.65248 5.3325 5 1 
669 44.539518 10.898830 6.17007 1 7.85673 37.57603 0 6.59389 3.7975 4 4 
670 44.668770 10.896675 1.26791 1 3.04286 21.33838 0 7.54948 3.3550 2 2 
671 44.661951 10.926243 2.18337 3 2.86092 12.87719 0 9.76457 7.3525 1 2 
672 44.533598 11.025887 2.18337 3 2.86092 12.87719 0 9.76457 7.3525 1 2 
673 44.629045 10.922147 1.26791 1 3.04286 21.33838 0 7.54948 3.3550 2 2 
674 44.633063 10.944185 1.26791 1 3.04286 21.33838 0 7.54948 3.3550 2 2 
675 44.685044 10.895386 1.26791 1 3.04286 21.33838 0 7.54948 3.3550 2 2 
676 44.636382 10.872374 1.26791 1 3.04286 21.33838 0 7.54948 3.3550 2 2 
677 44.649192 10.858874 6.17007 1 7.85673 37.57603 0 6.59389 3.7975 4 4 
678 44.632036 10.935185 2.18337 3 2.86092 12.87719 0 9.76457 7.3525 1 2 
679 44.649291 10.849618 6.17007 1 7.85673 37.57603 0 6.59389 3.7975 4 4 
680 44.620079 10.942159 6.17007 1 7.85673 37.57603 0 6.59389 3.7975 4 4 
681 44.638625 10.950048 6.17007 1 7.85673 37.57603 0 6.59389 3.7975 4 4 
682 44.599109 10.928830 0.71682 4 0.55814 11.9808 0 0.97351 9.3325 3 1 
683 44.620861 10.851413 0.71682 4 0.55814 11.9808 0 0.97351 9.3325 3 1 
684 44.651590 10.914133 1.61198 2 1.87511 14.73976 0 4.65248 5.3325 5 1 
685 44.646211 10.926659 6.17007 1 7.85673 37.57603 0 6.59389 3.7975 4 4 
686 44.647784 10.941944 0.71682 4 0.55814 11.9808 0 0.97351 9.3325 3 1 
687 44.645431 10.943449 1.61198 2 1.87511 14.73976 0 4.65248 5.3325 5 1 
688 44.789517 10.861862 6.17007 1 7.85673 37.57603 0 6.59389 3.7975 4 4 
689 44.634389 10.923058 1.26791 1 3.04286 21.33838 0 7.54948 3.3550 2 2 
690 44.618797 10.909824 1.26791 1 3.04286 21.33838 0 7.54948 3.3550 2 2 
691 44.645544 10.911004 6.17007 1 7.85673 37.57603 0 6.59389 3.7975 4 4 
692 44.591132 10.949554 0.71682 4 0.55814 11.9808 0 0.97351 9.3325 3 1 
693 44.916054 10.991907 1.26791 1 3.04286 21.33838 0 7.54948 3.3550 2 2 
694 44.639693 10.952252 2.18337 3 2.86092 12.87719 0 9.76457 7.3525 1 2 
695 44.659528 10.968969 2.18337 3 2.86092 12.87719 0 9.76457 7.3525 1 2 
696 44.579093 10.852981 1.61198 2 1.87511 14.73976 0 4.65248 5.3325 5 1 
697 44.624244 10.925712 0.71682 4 0.55814 11.9808 0 0.97351 9.3325 3 1 
698 44.630195 10.925437 6.17007 1 7.85673 37.57603 0 6.59389 3.7975 4 4 
699 44.630251 10.984282 1.26791 1 3.04286 21.33838 0 7.54948 3.3550 2 2 
700 44.639162 10.950306 1.61198 2 1.87511 14.73976 0 4.65248 5.3325 5 1 