900 lat long pcc pcn mem st bw sd cost service task
1 44.633106 10.939678 6.17007 1 7.85673 37.57603 0 6.59389 3.7975 4 4 
2 44.625262 10.893088 6.17007 1 7.85673 37.57603 0 6.59389 3.7975 4 4 
3 44.647793 10.930327 0.71682 4 0.55814 11.9808 0 0.97351 9.3325 3 1 
4 44.650514 10.938734 6.17007 1 7.85673 37.57603 0 6.59389 3.7975 4 4 
5 44.654346 10.909586 0.71682 4 0.55814 11.9808 0 0.97351 9.3325 3 1 
6 44.656694 10.898991 0.71682 4 0.55814 11.9808 0 0.97351 9.3325 3 1 
7 44.690933 10.969304 1.26791 1 3.04286 21.33838 0 7.54948 3.3550 2 2 
8 44.645649 10.921296 1.26791 1 3.04286 21.33838 0 7.54948 3.3550 2 2 
9 44.633450 10.924301 2.18337 3 2.86092 12.87719 0 9.76457 7.3525 1 2 
10 44.642667 10.928747 1.61198 2 1.87511 14.73976 0 4.65248 5.3325 5 1 
11 44.628245 10.808032 0.71682 4 0.55814 11.9808 0 0.97351 9.3325 3 1 
12 44.602418 10.919662 1.26791 1 3.04286 21.33838 0 7.54948 3.3550 2 2 
13 44.645322 10.916054 1.26791 1 3.04286 21.33838 0 7.54948 3.3550 2 2 
14 44.643426 10.891692 6.17007 1 7.85673 37.57603 0 6.59389 3.7975 4 4 
15 44.849179 11.069823 1.61198 2 1.87511 14.73976 0 4.65248 5.3325 5 1 
16 44.638755 10.897222 1.26791 1 3.04286 21.33838 0 7.54948 3.3550 2 2 
17 44.620737 10.980565 1.26791 1 3.04286 21.33838 0 7.54948 3.3550 2 2 
18 44.644635 10.842004 1.26791 1 3.04286 21.33838 0 7.54948 3.3550 2 2 
19 44.675135 10.900189 6.17007 1 7.85673 37.57603 0 6.59389 3.7975 4 4 
20 44.623639 10.935868 0.71682 4 0.55814 11.9808 0 0.97351 9.3325 3 1 
21 44.627010 10.940864 1.26791 1 3.04286 21.33838 0 7.54948 3.3550 2 2 
22 44.687798 10.963777 1.61198 2 1.87511 14.73976 0 4.65248 5.3325 5 1 
23 44.630468 10.935947 1.26791 1 3.04286 21.33838 0 7.54948 3.3550 2 2 
24 44.644637 10.929353 6.17007 1 7.85673 37.57603 0 6.59389 3.7975 4 4 
25 44.644954 10.925246 1.26791 1 3.04286 21.33838 0 7.54948 3.3550 2 2 
26 44.726452 10.910250 0.71682 4 0.55814 11.9808 0 0.97351 9.3325 3 1 
27 44.689813 10.913941 1.26791 1 3.04286 21.33838 0 7.54948 3.3550 2 2 
28 44.656825 10.875966 6.17007 1 7.85673 37.57603 0 6.59389 3.7975 4 4 
29 44.661508 10.889147 1.26791 1 3.04286 21.33838 0 7.54948 3.3550 2 2 
30 44.657739 10.912519 1.61198 2 1.87511 14.73976 0 4.65248 5.3325 5 1 
31 44.628634 10.939588 2.18337 3 2.86092 12.87719 0 9.76457 7.3525 1 2 
32 44.661676 10.923367 1.61198 2 1.87511 14.73976 0 4.65248 5.3325 5 1 
33 44.286752 10.672077 1.26791 1 3.04286 21.33838 0 7.54948 3.3550 2 2 
34 44.619638 10.941135 6.17007 1 7.85673 37.57603 0 6.59389 3.7975 4 4 
35 44.287087 10.666050 2.18337 3 2.86092 12.87719 0 9.76457 7.3525 1 2 
36 44.651896 10.917380 2.18337 3 2.86092 12.87719 0 9.76457 7.3525 1 2 
37 44.635734 10.947216 1.26791 1 3.04286 21.33838 0 7.54948 3.3550 2 2 
38 44.571934 10.844666 1.26791 1 3.04286 21.33838 0 7.54948 3.3550 2 2 
39 44.655313 10.964801 1.61198 2 1.87511 14.73976 0 4.65248 5.3325 5 1 
40 44.646774 10.921880 2.18337 3 2.86092 12.87719 0 9.76457 7.3525 1 2 
41 44.600704 10.973442 6.17007 1 7.85673 37.57603 0 6.59389 3.7975 4 4 
42 44.628446 10.914559 2.18337 3 2.86092 12.87719 0 9.76457 7.3525 1 2 
43 44.656930 10.898282 0.71682 4 0.55814 11.9808 0 0.97351 9.3325 3 1 
44 44.678402 10.930480 6.17007 1 7.85673 37.57603 0 6.59389 3.7975 4 4 
45 44.651569 10.867872 0.71682 4 0.55814 11.9808 0 0.97351 9.3325 3 1 
46 44.662918 10.925206 0.71682 4 0.55814 11.9808 0 0.97351 9.3325 3 1 
47 44.748232 11.002663 0.71682 4 0.55814 11.9808 0 0.97351 9.3325 3 1 
48 44.630666 10.909429 6.17007 1 7.85673 37.57603 0 6.59389 3.7975 4 4 
49 44.641209 10.921766 1.26791 1 3.04286 21.33838 0 7.54948 3.3550 2 2 
50 44.656308 10.896589 6.17007 1 7.85673 37.57603 0 6.59389 3.7975 4 4 
51 44.629226 10.927507 0.71682 4 0.55814 11.9808 0 0.97351 9.3325 3 1 
52 44.661147 10.927231 2.18337 3 2.86092 12.87719 0 9.76457 7.3525 1 2 
53 44.643386 10.932400 0.71682 4 0.55814 11.9808 0 0.97351 9.3325 3 1 
54 44.666572 10.892736 1.61198 2 1.87511 14.73976 0 4.65248 5.3325 5 1 
55 44.662543 10.890877 1.26791 1 3.04286 21.33838 0 7.54948 3.3550 2 2 
56 44.643496 10.945125 1.26791 1 3.04286 21.33838 0 7.54948 3.3550 2 2 
57 44.595485 11.035603 2.18337 3 2.86092 12.87719 0 9.76457 7.3525 1 2 
58 44.659224 10.892006 6.17007 1 7.85673 37.57603 0 6.59389 3.7975 4 4 
59 44.625435 10.896339 6.17007 1 7.85673 37.57603 0 6.59389 3.7975 4 4 
60 44.575189 10.919481 0.71682 4 0.55814 11.9808 0 0.97351 9.3325 3 1 
61 44.635463 10.907084 6.17007 1 7.85673 37.57603 0 6.59389 3.7975 4 4 
62 44.624635 10.940973 1.26791 1 3.04286 21.33838 0 7.54948 3.3550 2 2 
63 44.624822 10.945836 1.61198 2 1.87511 14.73976 0 4.65248 5.3325 5 1 
64 44.638496 10.856699 1.26791 1 3.04286 21.33838 0 7.54948 3.3550 2 2 
65 44.634172 10.924156 1.26791 1 3.04286 21.33838 0 7.54948 3.3550 2 2 
66 44.645899 10.907711 2.18337 3 2.86092 12.87719 0 9.76457 7.3525 1 2 
67 44.632706 10.948055 6.17007 1 7.85673 37.57603 0 6.59389 3.7975 4 4 
68 44.554313 10.797328 2.18337 3 2.86092 12.87719 0 9.76457 7.3525 1 2 
69 44.639347 10.930972 0.71682 4 0.55814 11.9808 0 0.97351 9.3325 3 1 
70 44.632474 10.934182 2.18337 3 2.86092 12.87719 0 9.76457 7.3525 1 2 
71 44.623001 10.924100 1.26791 1 3.04286 21.33838 0 7.54948 3.3550 2 2 
72 44.662103 10.964165 0.71682 4 0.55814 11.9808 0 0.97351 9.3325 3 1 
73 44.610405 10.920063 0.71682 4 0.55814 11.9808 0 0.97351 9.3325 3 1 
74 44.536086 10.820911 1.61198 2 1.87511 14.73976 0 4.65248 5.3325 5 1 
75 44.643508 10.886377 2.18337 3 2.86092 12.87719 0 9.76457 7.3525 1 2 
76 44.642992 10.964084 1.26791 1 3.04286 21.33838 0 7.54948 3.3550 2 2 
77 44.632606 10.952201 1.61198 2 1.87511 14.73976 0 4.65248 5.3325 5 1 
78 44.612079 10.911914 1.26791 1 3.04286 21.33838 0 7.54948 3.3550 2 2 
79 44.343638 10.729244 1.26791 1 3.04286 21.33838 0 7.54948 3.3550 2 2 
80 44.651573 10.902624 1.61198 2 1.87511 14.73976 0 4.65248 5.3325 5 1 
81 44.884381 11.060460 1.26791 1 3.04286 21.33838 0 7.54948 3.3550 2 2 
82 44.625980 10.944816 1.26791 1 3.04286 21.33838 0 7.54948 3.3550 2 2 
83 44.655157 10.937415 1.61198 2 1.87511 14.73976 0 4.65248 5.3325 5 1 
84 44.656471 10.939548 0.71682 4 0.55814 11.9808 0 0.97351 9.3325 3 1 
85 44.668201 10.936144 1.26791 1 3.04286 21.33838 0 7.54948 3.3550 2 2 
86 44.654059 10.906719 2.18337 3 2.86092 12.87719 0 9.76457 7.3525 1 2 
87 44.633658 10.900076 1.26791 1 3.04286 21.33838 0 7.54948 3.3550 2 2 
88 44.641038 10.891075 0.71682 4 0.55814 11.9808 0 0.97351 9.3325 3 1 
89 44.601834 10.957643 0.71682 4 0.55814 11.9808 0 0.97351 9.3325 3 1 
90 44.650462 10.919184 6.17007 1 7.85673 37.57603 0 6.59389 3.7975 4 4 
91 44.637160 10.934742 0.71682 4 0.55814 11.9808 0 0.97351 9.3325 3 1 
92 44.578835 10.829993 0.71682 4 0.55814 11.9808 0 0.97351 9.3325 3 1 
93 44.619716 10.928593 1.26791 1 3.04286 21.33838 0 7.54948 3.3550 2 2 
94 44.641515 10.891953 2.18337 3 2.86092 12.87719 0 9.76457 7.3525 1 2 
95 44.632772 10.899272 2.18337 3 2.86092 12.87719 0 9.76457 7.3525 1 2 
96 44.647080 10.923876 1.26791 1 3.04286 21.33838 0 7.54948 3.3550 2 2 
97 44.609558 10.850379 6.17007 1 7.85673 37.57603 0 6.59389 3.7975 4 4 
98 44.696834 10.889165 0.71682 4 0.55814 11.9808 0 0.97351 9.3325 3 1 
99 44.660988 10.921575 6.17007 1 7.85673 37.57603 0 6.59389 3.7975 4 4 
100 44.645148 10.888136 2.18337 3 2.86092 12.87719 0 9.76457 7.3525 1 2 
101 44.631655 10.971580 0.71682 4 0.55814 11.9808 0 0.97351 9.3325 3 1 
102 44.538036 10.793516 1.26791 1 3.04286 21.33838 0 7.54948 3.3550 2 2 
103 44.626914 10.907268 0.71682 4 0.55814 11.9808 0 0.97351 9.3325 3 1 
104 44.636345 10.904913 2.18337 3 2.86092 12.87719 0 9.76457 7.3525 1 2 
105 44.635266 10.928746 2.18337 3 2.86092 12.87719 0 9.76457 7.3525 1 2 
106 44.630800 10.902486 6.17007 1 7.85673 37.57603 0 6.59389 3.7975 4 4 
107 44.640801 10.923262 1.61198 2 1.87511 14.73976 0 4.65248 5.3325 5 1 
108 44.580411 10.983637 2.18337 3 2.86092 12.87719 0 9.76457 7.3525 1 2 
109 44.671741 10.866392 1.61198 2 1.87511 14.73976 0 4.65248 5.3325 5 1 
110 44.660419 10.896387 2.18337 3 2.86092 12.87719 0 9.76457 7.3525 1 2 
111 44.641915 10.915624 1.26791 1 3.04286 21.33838 0 7.54948 3.3550 2 2 
112 44.645113 10.907136 2.18337 3 2.86092 12.87719 0 9.76457 7.3525 1 2 
113 44.630498 10.947769 0.71682 4 0.55814 11.9808 0 0.97351 9.3325 3 1 
114 44.649044 10.900630 6.17007 1 7.85673 37.57603 0 6.59389 3.7975 4 4 
115 44.627757 10.918063 2.18337 3 2.86092 12.87719 0 9.76457 7.3525 1 2 
116 44.699421 10.885404 2.18337 3 2.86092 12.87719 0 9.76457 7.3525 1 2 
117 44.602478 10.860014 1.26791 1 3.04286 21.33838 0 7.54948 3.3550 2 2 
118 44.685449 10.966954 1.61198 2 1.87511 14.73976 0 4.65248 5.3325 5 1 
119 44.679437 11.040059 2.18337 3 2.86092 12.87719 0 9.76457 7.3525 1 2 
120 44.641242 10.890510 2.18337 3 2.86092 12.87719 0 9.76457 7.3525 1 2 
121 44.659737 10.895949 1.61198 2 1.87511 14.73976 0 4.65248 5.3325 5 1 
122 44.604481 10.861827 1.61198 2 1.87511 14.73976 0 4.65248 5.3325 5 1 
123 44.674822 10.934524 0.71682 4 0.55814 11.9808 0 0.97351 9.3325 3 1 
124 44.580008 10.911161 1.61198 2 1.87511 14.73976 0 4.65248 5.3325 5 1 
125 44.640578 10.914095 2.18337 3 2.86092 12.87719 0 9.76457 7.3525 1 2 
126 44.628713 10.922815 6.17007 1 7.85673 37.57603 0 6.59389 3.7975 4 4 
127 44.657407 10.904793 1.26791 1 3.04286 21.33838 0 7.54948 3.3550 2 2 
128 44.636245 10.926057 6.17007 1 7.85673 37.57603 0 6.59389 3.7975 4 4 
129 44.644122 10.942273 0.71682 4 0.55814 11.9808 0 0.97351 9.3325 3 1 
130 44.636749 10.932037 0.71682 4 0.55814 11.9808 0 0.97351 9.3325 3 1 
131 44.651712 10.875960 1.61198 2 1.87511 14.73976 0 4.65248 5.3325 5 1 
132 44.634459 10.925545 6.17007 1 7.85673 37.57603 0 6.59389 3.7975 4 4 
133 44.634426 10.871266 2.18337 3 2.86092 12.87719 0 9.76457 7.3525 1 2 
134 44.662602 10.898617 1.26791 1 3.04286 21.33838 0 7.54948 3.3550 2 2 
135 44.789957 10.875245 2.18337 3 2.86092 12.87719 0 9.76457 7.3525 1 2 
136 44.658793 10.904980 1.26791 1 3.04286 21.33838 0 7.54948 3.3550 2 2 
137 44.649759 10.900387 2.18337 3 2.86092 12.87719 0 9.76457 7.3525 1 2 
138 44.642029 10.962812 1.26791 1 3.04286 21.33838 0 7.54948 3.3550 2 2 
139 44.632273 10.868276 1.26791 1 3.04286 21.33838 0 7.54948 3.3550 2 2 
140 44.649407 10.921292 1.61198 2 1.87511 14.73976 0 4.65248 5.3325 5 1 
141 44.625274 10.929279 1.61198 2 1.87511 14.73976 0 4.65248 5.3325 5 1 
142 44.656379 10.890524 2.18337 3 2.86092 12.87719 0 9.76457 7.3525 1 2 
143 44.475185 10.991325 6.17007 1 7.85673 37.57603 0 6.59389 3.7975 4 4 
144 44.608459 10.978220 1.61198 2 1.87511 14.73976 0 4.65248 5.3325 5 1 
145 44.692672 10.967912 1.26791 1 3.04286 21.33838 0 7.54948 3.3550 2 2 
146 44.658118 10.932318 2.18337 3 2.86092 12.87719 0 9.76457 7.3525 1 2 
147 44.679634 10.946879 2.18337 3 2.86092 12.87719 0 9.76457 7.3525 1 2 
148 44.644888 10.922599 1.26791 1 3.04286 21.33838 0 7.54948 3.3550 2 2 
149 44.645348 10.917547 1.26791 1 3.04286 21.33838 0 7.54948 3.3550 2 2 
150 44.633436 10.903916 1.61198 2 1.87511 14.73976 0 4.65248 5.3325 5 1 
151 44.662176 10.929089 0.71682 4 0.55814 11.9808 0 0.97351 9.3325 3 1 
152 44.655713 10.898435 1.61198 2 1.87511 14.73976 0 4.65248 5.3325 5 1 
153 44.649814 10.918457 1.26791 1 3.04286 21.33838 0 7.54948 3.3550 2 2 
154 44.639744 10.909265 1.61198 2 1.87511 14.73976 0 4.65248 5.3325 5 1 
155 44.587664 10.970517 6.17007 1 7.85673 37.57603 0 6.59389 3.7975 4 4 
156 44.625470 10.942371 1.61198 2 1.87511 14.73976 0 4.65248 5.3325 5 1 
157 44.652115 10.899743 0.71682 4 0.55814 11.9808 0 0.97351 9.3325 3 1 
158 44.672678 10.951920 2.18337 3 2.86092 12.87719 0 9.76457 7.3525 1 2 
159 44.620782 11.040734 1.26791 1 3.04286 21.33838 0 7.54948 3.3550 2 2 
160 44.642255 10.945016 6.17007 1 7.85673 37.57603 0 6.59389 3.7975 4 4 
161 44.647343 10.927732 6.17007 1 7.85673 37.57603 0 6.59389 3.7975 4 4 
162 44.629115 10.941370 1.26791 1 3.04286 21.33838 0 7.54948 3.3550 2 2 
163 44.659868 10.931842 6.17007 1 7.85673 37.57603 0 6.59389 3.7975 4 4 
164 44.882503 11.066729 2.18337 3 2.86092 12.87719 0 9.76457 7.3525 1 2 
165 44.727825 10.919785 1.26791 1 3.04286 21.33838 0 7.54948 3.3550 2 2 
166 44.660306 10.965302 6.17007 1 7.85673 37.57603 0 6.59389 3.7975 4 4 
167 44.676031 11.032249 6.17007 1 7.85673 37.57603 0 6.59389 3.7975 4 4 
168 44.689272 10.916227 2.18337 3 2.86092 12.87719 0 9.76457 7.3525 1 2 
169 44.629051 10.925539 2.18337 3 2.86092 12.87719 0 9.76457 7.3525 1 2 
170 44.647264 10.943387 6.17007 1 7.85673 37.57603 0 6.59389 3.7975 4 4 
171 44.612507 10.983511 1.61198 2 1.87511 14.73976 0 4.65248 5.3325 5 1 
172 44.652496 10.931752 1.26791 1 3.04286 21.33838 0 7.54948 3.3550 2 2 
173 44.645163 10.909004 2.18337 3 2.86092 12.87719 0 9.76457 7.3525 1 2 
174 44.651934 10.928912 0.71682 4 0.55814 11.9808 0 0.97351 9.3325 3 1 
175 44.638153 10.913149 2.18337 3 2.86092 12.87719 0 9.76457 7.3525 1 2 
176 44.640358 10.907456 0.71682 4 0.55814 11.9808 0 0.97351 9.3325 3 1 
177 44.649723 10.920020 1.26791 1 3.04286 21.33838 0 7.54948 3.3550 2 2 
178 44.635170 10.914836 1.26791 1 3.04286 21.33838 0 7.54948 3.3550 2 2 
179 44.634089 10.916551 6.17007 1 7.85673 37.57603 0 6.59389 3.7975 4 4 
180 44.632542 10.935307 0.71682 4 0.55814 11.9808 0 0.97351 9.3325 3 1 
181 44.633457 10.856224 1.61198 2 1.87511 14.73976 0 4.65248 5.3325 5 1 
182 44.644637 10.934088 0.71682 4 0.55814 11.9808 0 0.97351 9.3325 3 1 
183 44.659200 10.933352 1.26791 1 3.04286 21.33838 0 7.54948 3.3550 2 2 
184 44.656419 10.909598 1.26791 1 3.04286 21.33838 0 7.54948 3.3550 2 2 
185 44.687662 10.963423 6.17007 1 7.85673 37.57603 0 6.59389 3.7975 4 4 
186 44.639710 10.948131 2.18337 3 2.86092 12.87719 0 9.76457 7.3525 1 2 
187 44.628419 10.912597 6.17007 1 7.85673 37.57603 0 6.59389 3.7975 4 4 
188 44.623780 10.917712 0.71682 4 0.55814 11.9808 0 0.97351 9.3325 3 1 
189 44.629260 10.942703 1.61198 2 1.87511 14.73976 0 4.65248 5.3325 5 1 
190 44.645879 10.930202 1.61198 2 1.87511 14.73976 0 4.65248 5.3325 5 1 
191 44.622270 10.816410 1.61198 2 1.87511 14.73976 0 4.65248 5.3325 5 1 
192 44.638511 10.873769 0.71682 4 0.55814 11.9808 0 0.97351 9.3325 3 1 
193 44.625556 10.894379 1.26791 1 3.04286 21.33838 0 7.54948 3.3550 2 2 
194 44.836184 11.292578 2.18337 3 2.86092 12.87719 0 9.76457 7.3525 1 2 
195 44.695435 10.875618 1.26791 1 3.04286 21.33838 0 7.54948 3.3550 2 2 
196 44.633370 10.946570 2.18337 3 2.86092 12.87719 0 9.76457 7.3525 1 2 
197 44.639702 10.913418 6.17007 1 7.85673 37.57603 0 6.59389 3.7975 4 4 
198 44.594989 11.037887 1.26791 1 3.04286 21.33838 0 7.54948 3.3550 2 2 
199 44.660409 10.962256 0.71682 4 0.55814 11.9808 0 0.97351 9.3325 3 1 
200 44.659720 10.920255 1.61198 2 1.87511 14.73976 0 4.65248 5.3325 5 1 
201 44.660123 10.911161 2.18337 3 2.86092 12.87719 0 9.76457 7.3525 1 2 
202 44.626128 10.929277 1.61198 2 1.87511 14.73976 0 4.65248 5.3325 5 1 
203 44.636780 10.930377 0.71682 4 0.55814 11.9808 0 0.97351 9.3325 3 1 
204 44.668198 10.938464 1.26791 1 3.04286 21.33838 0 7.54948 3.3550 2 2 
205 44.645871 10.915881 0.71682 4 0.55814 11.9808 0 0.97351 9.3325 3 1 
206 44.650372 10.898436 0.71682 4 0.55814 11.9808 0 0.97351 9.3325 3 1 
207 44.632442 10.915098 1.61198 2 1.87511 14.73976 0 4.65248 5.3325 5 1 
208 44.651835 10.933512 1.61198 2 1.87511 14.73976 0 4.65248 5.3325 5 1 
209 44.634077 10.950419 1.26791 1 3.04286 21.33838 0 7.54948 3.3550 2 2 
210 44.622888 10.891130 2.18337 3 2.86092 12.87719 0 9.76457 7.3525 1 2 
211 44.672005 10.939487 1.61198 2 1.87511 14.73976 0 4.65248 5.3325 5 1 
212 44.636236 10.921261 6.17007 1 7.85673 37.57603 0 6.59389 3.7975 4 4 
213 44.509709 10.950041 6.17007 1 7.85673 37.57603 0 6.59389 3.7975 4 4 
214 44.893451 11.065997 0.71682 4 0.55814 11.9808 0 0.97351 9.3325 3 1 
215 44.641216 10.943818 2.18337 3 2.86092 12.87719 0 9.76457 7.3525 1 2 
216 44.641960 10.966249 1.61198 2 1.87511 14.73976 0 4.65248 5.3325 5 1 
217 44.630155 10.960969 2.18337 3 2.86092 12.87719 0 9.76457 7.3525 1 2 
218 44.678212 10.952872 6.17007 1 7.85673 37.57603 0 6.59389 3.7975 4 4 
219 44.655574 10.900547 2.18337 3 2.86092 12.87719 0 9.76457 7.3525 1 2 
220 44.603873 10.904920 0.71682 4 0.55814 11.9808 0 0.97351 9.3325 3 1 
221 44.654197 10.890697 0.71682 4 0.55814 11.9808 0 0.97351 9.3325 3 1 
222 44.650509 10.933601 2.18337 3 2.86092 12.87719 0 9.76457 7.3525 1 2 
223 44.540266 10.793640 2.18337 3 2.86092 12.87719 0 9.76457 7.3525 1 2 
224 44.628309 10.969620 6.17007 1 7.85673 37.57603 0 6.59389 3.7975 4 4 
225 44.881357 10.887794 0.71682 4 0.55814 11.9808 0 0.97351 9.3325 3 1 
226 44.635521 10.902887 1.26791 1 3.04286 21.33838 0 7.54948 3.3550 2 2 
227 44.635164 10.869587 0.71682 4 0.55814 11.9808 0 0.97351 9.3325 3 1 
228 44.619566 10.934006 1.61198 2 1.87511 14.73976 0 4.65248 5.3325 5 1 
229 44.602274 10.969724 1.26791 1 3.04286 21.33838 0 7.54948 3.3550 2 2 
230 44.632987 10.933990 1.61198 2 1.87511 14.73976 0 4.65248 5.3325 5 1 
231 44.638403 10.876708 1.26791 1 3.04286 21.33838 0 7.54948 3.3550 2 2 
232 44.655428 10.872448 2.18337 3 2.86092 12.87719 0 9.76457 7.3525 1 2 
233 44.646758 10.928595 0.71682 4 0.55814 11.9808 0 0.97351 9.3325 3 1 
234 44.659276 10.892642 0.71682 4 0.55814 11.9808 0 0.97351 9.3325 3 1 
235 44.612217 10.909517 1.61198 2 1.87511 14.73976 0 4.65248 5.3325 5 1 
236 44.635333 10.946670 1.26791 1 3.04286 21.33838 0 7.54948 3.3550 2 2 
237 44.623009 10.948569 6.17007 1 7.85673 37.57603 0 6.59389 3.7975 4 4 
238 44.678060 10.893056 2.18337 3 2.86092 12.87719 0 9.76457 7.3525 1 2 
239 44.647191 10.919890 2.18337 3 2.86092 12.87719 0 9.76457 7.3525 1 2 
240 44.675135 10.959429 1.26791 1 3.04286 21.33838 0 7.54948 3.3550 2 2 
241 44.723040 10.900088 1.61198 2 1.87511 14.73976 0 4.65248 5.3325 5 1 
242 44.645191 10.923256 0.71682 4 0.55814 11.9808 0 0.97351 9.3325 3 1 
243 44.645161 10.928992 2.18337 3 2.86092 12.87719 0 9.76457 7.3525 1 2 
244 44.843135 11.146038 2.18337 3 2.86092 12.87719 0 9.76457 7.3525 1 2 
245 44.643934 10.929792 6.17007 1 7.85673 37.57603 0 6.59389 3.7975 4 4 
246 44.661620 10.892461 0.71682 4 0.55814 11.9808 0 0.97351 9.3325 3 1 
247 44.639786 10.891890 0.71682 4 0.55814 11.9808 0 0.97351 9.3325 3 1 
248 44.523177 10.859042 0.71682 4 0.55814 11.9808 0 0.97351 9.3325 3 1 
249 44.643031 10.934915 1.61198 2 1.87511 14.73976 0 4.65248 5.3325 5 1 
250 44.661658 10.888580 1.61198 2 1.87511 14.73976 0 4.65248 5.3325 5 1 
251 44.634604 10.954887 0.71682 4 0.55814 11.9808 0 0.97351 9.3325 3 1 
252 44.661748 10.908158 2.18337 3 2.86092 12.87719 0 9.76457 7.3525 1 2 
253 44.636547 10.933714 2.18337 3 2.86092 12.87719 0 9.76457 7.3525 1 2 
254 44.662142 10.929289 1.61198 2 1.87511 14.73976 0 4.65248 5.3325 5 1 
255 44.628160 10.892855 1.61198 2 1.87511 14.73976 0 4.65248 5.3325 5 1 
256 44.657913 10.903107 1.26791 1 3.04286 21.33838 0 7.54948 3.3550 2 2 
257 44.643877 10.926382 1.61198 2 1.87511 14.73976 0 4.65248 5.3325 5 1 
258 44.632230 10.947447 1.61198 2 1.87511 14.73976 0 4.65248 5.3325 5 1 
259 44.637345 10.917497 1.26791 1 3.04286 21.33838 0 7.54948 3.3550 2 2 
260 44.637662 10.940099 1.61198 2 1.87511 14.73976 0 4.65248 5.3325 5 1 
261 44.668256 10.930643 1.26791 1 3.04286 21.33838 0 7.54948 3.3550 2 2 
262 44.645819 10.930726 0.71682 4 0.55814 11.9808 0 0.97351 9.3325 3 1 
263 44.530257 11.019961 1.61198 2 1.87511 14.73976 0 4.65248 5.3325 5 1 
264 44.646381 10.918656 1.61198 2 1.87511 14.73976 0 4.65248 5.3325 5 1 
265 44.661960 10.889476 2.18337 3 2.86092 12.87719 0 9.76457 7.3525 1 2 
266 44.634838 10.974548 6.17007 1 7.85673 37.57603 0 6.59389 3.7975 4 4 
267 44.621347 10.931603 1.61198 2 1.87511 14.73976 0 4.65248 5.3325 5 1 
268 44.595873 10.974174 1.61198 2 1.87511 14.73976 0 4.65248 5.3325 5 1 
269 44.654282 10.920075 0.71682 4 0.55814 11.9808 0 0.97351 9.3325 3 1 
270 44.645864 10.922327 2.18337 3 2.86092 12.87719 0 9.76457 7.3525 1 2 
271 44.643803 10.890940 2.18337 3 2.86092 12.87719 0 9.76457 7.3525 1 2 
272 44.664204 10.974826 1.26791 1 3.04286 21.33838 0 7.54948 3.3550 2 2 
273 44.622090 10.926164 6.17007 1 7.85673 37.57603 0 6.59389 3.7975 4 4 
274 44.634954 10.894250 2.18337 3 2.86092 12.87719 0 9.76457 7.3525 1 2 
275 44.641216 10.943818 0.71682 4 0.55814 11.9808 0 0.97351 9.3325 3 1 
276 44.647839 10.924372 6.17007 1 7.85673 37.57603 0 6.59389 3.7975 4 4 
277 44.645533 10.972414 0.71682 4 0.55814 11.9808 0 0.97351 9.3325 3 1 
278 44.661757 10.893162 1.61198 2 1.87511 14.73976 0 4.65248 5.3325 5 1 
279 44.656795 10.914978 2.18337 3 2.86092 12.87719 0 9.76457 7.3525 1 2 
280 44.671481 10.894920 1.26791 1 3.04286 21.33838 0 7.54948 3.3550 2 2 
281 44.662918 10.925206 0.71682 4 0.55814 11.9808 0 0.97351 9.3325 3 1 
282 44.646286 10.850892 2.18337 3 2.86092 12.87719 0 9.76457 7.3525 1 2 
283 44.640937 10.861207 2.18337 3 2.86092 12.87719 0 9.76457 7.3525 1 2 
284 44.369246 10.661461 6.17007 1 7.85673 37.57603 0 6.59389 3.7975 4 4 
285 44.642490 10.932997 0.71682 4 0.55814 11.9808 0 0.97351 9.3325 3 1 
286 44.649393 10.924580 1.61198 2 1.87511 14.73976 0 4.65248 5.3325 5 1 
287 44.595794 10.929986 2.18337 3 2.86092 12.87719 0 9.76457 7.3525 1 2 
288 44.644858 10.933528 2.18337 3 2.86092 12.87719 0 9.76457 7.3525 1 2 
289 44.643318 10.940758 2.18337 3 2.86092 12.87719 0 9.76457 7.3525 1 2 
290 44.641756 10.899191 2.18337 3 2.86092 12.87719 0 9.76457 7.3525 1 2 
291 44.646601 10.855335 1.26791 1 3.04286 21.33838 0 7.54948 3.3550 2 2 
292 44.836883 11.299507 2.18337 3 2.86092 12.87719 0 9.76457 7.3525 1 2 
293 44.658186 10.902136 1.61198 2 1.87511 14.73976 0 4.65248 5.3325 5 1 
294 44.642101 10.913961 1.26791 1 3.04286 21.33838 0 7.54948 3.3550 2 2 
295 44.649250 10.925743 1.26791 1 3.04286 21.33838 0 7.54948 3.3550 2 2 
296 44.660254 10.883688 2.18337 3 2.86092 12.87719 0 9.76457 7.3525 1 2 
297 44.676294 10.934989 1.61198 2 1.87511 14.73976 0 4.65248 5.3325 5 1 
298 44.598609 10.959842 0.71682 4 0.55814 11.9808 0 0.97351 9.3325 3 1 
299 44.650799 10.802457 2.18337 3 2.86092 12.87719 0 9.76457 7.3525 1 2 
300 44.637372 10.797124 1.61198 2 1.87511 14.73976 0 4.65248 5.3325 5 1 
301 44.572426 10.941783 0.71682 4 0.55814 11.9808 0 0.97351 9.3325 3 1 
302 44.657234 10.864061 1.26791 1 3.04286 21.33838 0 7.54948 3.3550 2 2 
303 44.632161 10.795203 0.71682 4 0.55814 11.9808 0 0.97351 9.3325 3 1 
304 44.605376 10.997620 0.71682 4 0.55814 11.9808 0 0.97351 9.3325 3 1 
305 44.641108 10.804805 6.17007 1 7.85673 37.57603 0 6.59389 3.7975 4 4 
306 44.640743 10.908169 0.71682 4 0.55814 11.9808 0 0.97351 9.3325 3 1 
307 44.603635 10.863614 6.17007 1 7.85673 37.57603 0 6.59389 3.7975 4 4 
308 44.660671 10.960148 1.61198 2 1.87511 14.73976 0 4.65248 5.3325 5 1 
309 44.653991 10.914715 0.71682 4 0.55814 11.9808 0 0.97351 9.3325 3 1 
310 44.646504 10.840999 6.17007 1 7.85673 37.57603 0 6.59389 3.7975 4 4 
311 44.636657 10.910483 1.26791 1 3.04286 21.33838 0 7.54948 3.3550 2 2 
312 44.665161 10.855601 2.18337 3 2.86092 12.87719 0 9.76457 7.3525 1 2 
313 44.640316 10.972176 1.26791 1 3.04286 21.33838 0 7.54948 3.3550 2 2 
314 44.611956 10.890166 1.61198 2 1.87511 14.73976 0 4.65248 5.3325 5 1 
315 44.654678 10.942877 2.18337 3 2.86092 12.87719 0 9.76457 7.3525 1 2 
316 44.645480 10.924387 2.18337 3 2.86092 12.87719 0 9.76457 7.3525 1 2 
317 44.659551 10.898291 1.26791 1 3.04286 21.33838 0 7.54948 3.3550 2 2 
318 44.621395 10.917592 1.61198 2 1.87511 14.73976 0 4.65248 5.3325 5 1 
319 44.658013 10.947920 1.26791 1 3.04286 21.33838 0 7.54948 3.3550 2 2 
320 44.642258 10.911866 6.17007 1 7.85673 37.57603 0 6.59389 3.7975 4 4 
321 44.635945 10.948656 1.26791 1 3.04286 21.33838 0 7.54948 3.3550 2 2 
322 44.624450 10.911829 1.26791 1 3.04286 21.33838 0 7.54948 3.3550 2 2 
323 44.636898 10.955762 2.18337 3 2.86092 12.87719 0 9.76457 7.3525 1 2 
324 44.627781 10.934815 1.61198 2 1.87511 14.73976 0 4.65248 5.3325 5 1 
325 44.517551 10.859047 0.71682 4 0.55814 11.9808 0 0.97351 9.3325 3 1 
326 44.651619 10.804524 2.18337 3 2.86092 12.87719 0 9.76457 7.3525 1 2 
327 44.624900 10.898891 2.18337 3 2.86092 12.87719 0 9.76457 7.3525 1 2 
328 44.688732 10.921788 1.26791 1 3.04286 21.33838 0 7.54948 3.3550 2 2 
329 44.623420 10.916989 2.18337 3 2.86092 12.87719 0 9.76457 7.3525 1 2 
330 44.626591 10.919601 6.17007 1 7.85673 37.57603 0 6.59389 3.7975 4 4 
331 44.580577 10.939358 1.61198 2 1.87511 14.73976 0 4.65248 5.3325 5 1 
332 44.579737 10.841449 0.71682 4 0.55814 11.9808 0 0.97351 9.3325 3 1 
333 44.662299 10.963512 6.17007 1 7.85673 37.57603 0 6.59389 3.7975 4 4 
334 44.630928 10.901713 1.26791 1 3.04286 21.33838 0 7.54948 3.3550 2 2 
335 44.638193 10.949588 2.18337 3 2.86092 12.87719 0 9.76457 7.3525 1 2 
336 44.659824 10.910984 2.18337 3 2.86092 12.87719 0 9.76457 7.3525 1 2 
337 44.619807 10.930975 0.71682 4 0.55814 11.9808 0 0.97351 9.3325 3 1 
338 44.654136 10.918169 1.26791 1 3.04286 21.33838 0 7.54948 3.3550 2 2 
339 44.651868 10.919224 0.71682 4 0.55814 11.9808 0 0.97351 9.3325 3 1 
340 44.628088 10.916608 2.18337 3 2.86092 12.87719 0 9.76457 7.3525 1 2 
341 44.647459 10.922236 2.18337 3 2.86092 12.87719 0 9.76457 7.3525 1 2 
342 44.626559 10.927149 2.18337 3 2.86092 12.87719 0 9.76457 7.3525 1 2 
343 44.636656 10.874929 6.17007 1 7.85673 37.57603 0 6.59389 3.7975 4 4 
344 44.606329 10.970405 2.18337 3 2.86092 12.87719 0 9.76457 7.3525 1 2 
345 44.614015 10.951830 0.71682 4 0.55814 11.9808 0 0.97351 9.3325 3 1 
346 44.747142 10.976170 2.18337 3 2.86092 12.87719 0 9.76457 7.3525 1 2 
347 44.600043 10.971707 0.71682 4 0.55814 11.9808 0 0.97351 9.3325 3 1 
348 44.647162 10.927196 0.71682 4 0.55814 11.9808 0 0.97351 9.3325 3 1 
349 44.624878 10.930252 0.71682 4 0.55814 11.9808 0 0.97351 9.3325 3 1 
350 44.656419 10.909598 2.18337 3 2.86092 12.87719 0 9.76457 7.3525 1 2 
351 44.628273 10.918385 6.17007 1 7.85673 37.57603 0 6.59389 3.7975 4 4 
352 44.882211 11.059934 0.71682 4 0.55814 11.9808 0 0.97351 9.3325 3 1 
353 44.683930 10.869963 0.71682 4 0.55814 11.9808 0 0.97351 9.3325 3 1 
354 44.629552 10.902643 6.17007 1 7.85673 37.57603 0 6.59389 3.7975 4 4 
355 44.634261 10.870183 0.71682 4 0.55814 11.9808 0 0.97351 9.3325 3 1 
356 44.616847 10.909007 1.26791 1 3.04286 21.33838 0 7.54948 3.3550 2 2 
357 44.641356 10.929899 1.61198 2 1.87511 14.73976 0 4.65248 5.3325 5 1 
358 44.679100 11.030249 0.71682 4 0.55814 11.9808 0 0.97351 9.3325 3 1 
359 44.651670 10.894234 2.18337 3 2.86092 12.87719 0 9.76457 7.3525 1 2 
360 44.641509 10.901891 2.18337 3 2.86092 12.87719 0 9.76457 7.3525 1 2 
361 44.645862 10.943654 1.61198 2 1.87511 14.73976 0 4.65248 5.3325 5 1 
362 44.638668 10.897724 0.71682 4 0.55814 11.9808 0 0.97351 9.3325 3 1 
363 44.646353 10.922097 6.17007 1 7.85673 37.57603 0 6.59389 3.7975 4 4 
364 44.647028 10.899999 0.71682 4 0.55814 11.9808 0 0.97351 9.3325 3 1 
365 44.643713 10.893185 1.26791 1 3.04286 21.33838 0 7.54948 3.3550 2 2 
366 44.640370 10.942235 6.17007 1 7.85673 37.57603 0 6.59389 3.7975 4 4 
367 44.630360 10.921717 6.17007 1 7.85673 37.57603 0 6.59389 3.7975 4 4 
368 44.656819 10.911915 6.17007 1 7.85673 37.57603 0 6.59389 3.7975 4 4 
369 44.634377 10.894371 2.18337 3 2.86092 12.87719 0 9.76457 7.3525 1 2 
370 44.627169 10.922451 0.71682 4 0.55814 11.9808 0 0.97351 9.3325 3 1 
371 44.839309 11.305532 1.26791 1 3.04286 21.33838 0 7.54948 3.3550 2 2 
372 44.622959 10.928795 1.26791 1 3.04286 21.33838 0 7.54948 3.3550 2 2 
373 44.689256 10.920358 2.18337 3 2.86092 12.87719 0 9.76457 7.3525 1 2 
374 44.626159 10.928194 1.26791 1 3.04286 21.33838 0 7.54948 3.3550 2 2 
375 44.645292 10.941505 1.61198 2 1.87511 14.73976 0 4.65248 5.3325 5 1 
376 44.652905 10.932157 1.26791 1 3.04286 21.33838 0 7.54948 3.3550 2 2 
377 44.664070 10.922878 1.61198 2 1.87511 14.73976 0 4.65248 5.3325 5 1 
378 44.652963 10.941439 6.17007 1 7.85673 37.57603 0 6.59389 3.7975 4 4 
379 44.661399 10.965329 1.61198 2 1.87511 14.73976 0 4.65248 5.3325 5 1 
380 44.653388 10.940172 1.26791 1 3.04286 21.33838 0 7.54948 3.3550 2 2 
381 44.613206 10.846712 6.17007 1 7.85673 37.57603 0 6.59389 3.7975 4 4 
382 44.636715 10.935783 2.18337 3 2.86092 12.87719 0 9.76457 7.3525 1 2 
383 44.628203 10.940386 2.18337 3 2.86092 12.87719 0 9.76457 7.3525 1 2 
384 44.555647 10.793730 1.61198 2 1.87511 14.73976 0 4.65248 5.3325 5 1 
385 44.622621 10.975875 6.17007 1 7.85673 37.57603 0 6.59389 3.7975 4 4 
386 44.622406 10.890925 1.61198 2 1.87511 14.73976 0 4.65248 5.3325 5 1 
387 44.633486 10.917572 2.18337 3 2.86092 12.87719 0 9.76457 7.3525 1 2 
388 44.646389 10.918171 6.17007 1 7.85673 37.57603 0 6.59389 3.7975 4 4 
389 44.657019 10.893371 1.61198 2 1.87511 14.73976 0 4.65248 5.3325 5 1 
390 44.636704 10.936763 1.61198 2 1.87511 14.73976 0 4.65248 5.3325 5 1 
391 44.659895 10.899966 2.18337 3 2.86092 12.87719 0 9.76457 7.3525 1 2 
392 44.640218 10.913038 1.61198 2 1.87511 14.73976 0 4.65248 5.3325 5 1 
393 44.639584 10.954861 1.61198 2 1.87511 14.73976 0 4.65248 5.3325 5 1 
394 44.631654 10.918496 2.18337 3 2.86092 12.87719 0 9.76457 7.3525 1 2 
395 44.658759 10.903604 1.61198 2 1.87511 14.73976 0 4.65248 5.3325 5 1 
396 44.656001 10.892861 0.71682 4 0.55814 11.9808 0 0.97351 9.3325 3 1 
397 44.831965 11.292386 1.61198 2 1.87511 14.73976 0 4.65248 5.3325 5 1 
398 44.874220 11.131523 0.71682 4 0.55814 11.9808 0 0.97351 9.3325 3 1 
399 44.600294 10.976759 0.71682 4 0.55814 11.9808 0 0.97351 9.3325 3 1 
400 44.619935 10.923400 2.18337 3 2.86092 12.87719 0 9.76457 7.3525 1 2 
401 44.649567 10.901025 1.26791 1 3.04286 21.33838 0 7.54948 3.3550 2 2 
402 44.650847 10.960200 6.17007 1 7.85673 37.57603 0 6.59389 3.7975 4 4 
403 44.662057 10.942532 2.18337 3 2.86092 12.87719 0 9.76457 7.3525 1 2 
404 44.659639 10.875012 0.71682 4 0.55814 11.9808 0 0.97351 9.3325 3 1 
405 44.638905 10.945953 6.17007 1 7.85673 37.57603 0 6.59389 3.7975 4 4 
406 44.660299 10.894826 0.71682 4 0.55814 11.9808 0 0.97351 9.3325 3 1 
407 44.657512 10.889531 0.71682 4 0.55814 11.9808 0 0.97351 9.3325 3 1 
408 44.658364 10.903374 0.71682 4 0.55814 11.9808 0 0.97351 9.3325 3 1 
409 44.808582 10.837993 2.18337 3 2.86092 12.87719 0 9.76457 7.3525 1 2 
410 44.630057 10.914521 1.26791 1 3.04286 21.33838 0 7.54948 3.3550 2 2 
411 44.651192 10.963191 0.71682 4 0.55814 11.9808 0 0.97351 9.3325 3 1 
412 44.629683 10.924988 0.71682 4 0.55814 11.9808 0 0.97351 9.3325 3 1 
413 44.635215 10.970154 0.71682 4 0.55814 11.9808 0 0.97351 9.3325 3 1 
414 44.609587 10.864279 6.17007 1 7.85673 37.57603 0 6.59389 3.7975 4 4 
415 44.608845 10.865446 1.26791 1 3.04286 21.33838 0 7.54948 3.3550 2 2 
416 44.560000 11.026496 6.17007 1 7.85673 37.57603 0 6.59389 3.7975 4 4 
417 44.658690 10.932794 0.71682 4 0.55814 11.9808 0 0.97351 9.3325 3 1 
418 44.637135 10.912478 1.61198 2 1.87511 14.73976 0 4.65248 5.3325 5 1 
419 44.877803 11.073044 2.18337 3 2.86092 12.87719 0 9.76457 7.3525 1 2 
420 44.636749 10.932037 1.61198 2 1.87511 14.73976 0 4.65248 5.3325 5 1 
421 44.650747 10.897213 2.18337 3 2.86092 12.87719 0 9.76457 7.3525 1 2 
422 44.635689 10.913056 0.71682 4 0.55814 11.9808 0 0.97351 9.3325 3 1 
423 44.655725 10.924865 1.26791 1 3.04286 21.33838 0 7.54948 3.3550 2 2 
424 44.659895 10.899966 1.61198 2 1.87511 14.73976 0 4.65248 5.3325 5 1 
425 44.653254 10.932656 6.17007 1 7.85673 37.57603 0 6.59389 3.7975 4 4 
426 44.670308 11.043170 1.61198 2 1.87511 14.73976 0 4.65248 5.3325 5 1 
427 44.636439 10.950364 6.17007 1 7.85673 37.57603 0 6.59389 3.7975 4 4 
428 44.643300 10.920191 6.17007 1 7.85673 37.57603 0 6.59389 3.7975 4 4 
429 44.691359 10.846343 6.17007 1 7.85673 37.57603 0 6.59389 3.7975 4 4 
430 44.627167 10.952076 6.17007 1 7.85673 37.57603 0 6.59389 3.7975 4 4 
431 44.688568 10.916532 6.17007 1 7.85673 37.57603 0 6.59389 3.7975 4 4 
432 44.656430 10.935697 2.18337 3 2.86092 12.87719 0 9.76457 7.3525 1 2 
433 44.641647 10.957794 2.18337 3 2.86092 12.87719 0 9.76457 7.3525 1 2 
434 44.594598 10.958338 1.61198 2 1.87511 14.73976 0 4.65248 5.3325 5 1 
435 44.693870 10.965992 0.71682 4 0.55814 11.9808 0 0.97351 9.3325 3 1 
436 44.653310 10.921860 1.61198 2 1.87511 14.73976 0 4.65248 5.3325 5 1 
437 44.634501 10.918805 0.71682 4 0.55814 11.9808 0 0.97351 9.3325 3 1 
438 44.626534 10.941492 1.61198 2 1.87511 14.73976 0 4.65248 5.3325 5 1 
439 44.562515 10.846061 1.61198 2 1.87511 14.73976 0 4.65248 5.3325 5 1 
440 44.726204 11.040994 6.17007 1 7.85673 37.57603 0 6.59389 3.7975 4 4 
441 44.536092 10.785718 2.18337 3 2.86092 12.87719 0 9.76457 7.3525 1 2 
442 44.645877 10.928974 2.18337 3 2.86092 12.87719 0 9.76457 7.3525 1 2 
443 44.632991 10.950615 0.71682 4 0.55814 11.9808 0 0.97351 9.3325 3 1 
444 44.633702 10.918978 1.26791 1 3.04286 21.33838 0 7.54948 3.3550 2 2 
445 44.661768 10.943031 6.17007 1 7.85673 37.57603 0 6.59389 3.7975 4 4 
446 44.649759 10.900387 1.26791 1 3.04286 21.33838 0 7.54948 3.3550 2 2 
447 44.645606 10.841911 2.18337 3 2.86092 12.87719 0 9.76457 7.3525 1 2 
448 44.646676 10.924996 0.71682 4 0.55814 11.9808 0 0.97351 9.3325 3 1 
449 44.645684 10.913780 1.26791 1 3.04286 21.33838 0 7.54948 3.3550 2 2 
450 44.620544 10.884007 1.61198 2 1.87511 14.73976 0 4.65248 5.3325 5 1 
451 44.849458 11.207727 1.61198 2 1.87511 14.73976 0 4.65248 5.3325 5 1 
452 44.629604 10.975063 0.71682 4 0.55814 11.9808 0 0.97351 9.3325 3 1 
453 44.350279 10.570652 1.26791 1 3.04286 21.33838 0 7.54948 3.3550 2 2 
454 44.654831 10.929634 0.71682 4 0.55814 11.9808 0 0.97351 9.3325 3 1 
455 44.673515 11.012144 2.18337 3 2.86092 12.87719 0 9.76457 7.3525 1 2 
456 44.593203 10.947346 0.71682 4 0.55814 11.9808 0 0.97351 9.3325 3 1 
457 44.646258 10.920909 6.17007 1 7.85673 37.57603 0 6.59389 3.7975 4 4 
458 44.648069 10.922534 1.26791 1 3.04286 21.33838 0 7.54948 3.3550 2 2 
459 44.643061 10.886084 6.17007 1 7.85673 37.57603 0 6.59389 3.7975 4 4 
460 44.231260 10.653671 1.26791 1 3.04286 21.33838 0 7.54948 3.3550 2 2 
461 44.661757 10.893162 1.61198 2 1.87511 14.73976 0 4.65248 5.3325 5 1 
462 44.650462 10.919184 2.18337 3 2.86092 12.87719 0 9.76457 7.3525 1 2 
463 44.530164 10.863294 1.26791 1 3.04286 21.33838 0 7.54948 3.3550 2 2 
464 44.623070 10.913917 6.17007 1 7.85673 37.57603 0 6.59389 3.7975 4 4 
465 44.690262 10.969892 6.17007 1 7.85673 37.57603 0 6.59389 3.7975 4 4 
466 44.620976 10.920928 1.26791 1 3.04286 21.33838 0 7.54948 3.3550 2 2 
467 44.636922 10.972156 6.17007 1 7.85673 37.57603 0 6.59389 3.7975 4 4 
468 44.647465 10.926259 1.26791 1 3.04286 21.33838 0 7.54948 3.3550 2 2 
469 44.661734 10.894775 1.26791 1 3.04286 21.33838 0 7.54948 3.3550 2 2 
470 44.578293 10.842339 1.26791 1 3.04286 21.33838 0 7.54948 3.3550 2 2 
471 44.641623 10.913198 0.71682 4 0.55814 11.9808 0 0.97351 9.3325 3 1 
472 44.710831 10.893089 0.71682 4 0.55814 11.9808 0 0.97351 9.3325 3 1 
473 44.634045 10.937597 1.26791 1 3.04286 21.33838 0 7.54948 3.3550 2 2 
474 44.649967 10.907460 0.71682 4 0.55814 11.9808 0 0.97351 9.3325 3 1 
475 44.651057 10.936047 1.61198 2 1.87511 14.73976 0 4.65248 5.3325 5 1 
476 44.632033 10.921797 0.71682 4 0.55814 11.9808 0 0.97351 9.3325 3 1 
477 44.637525 10.928231 2.18337 3 2.86092 12.87719 0 9.76457 7.3525 1 2 
478 44.588975 10.953107 6.17007 1 7.85673 37.57603 0 6.59389 3.7975 4 4 
479 44.542617 10.943059 0.71682 4 0.55814 11.9808 0 0.97351 9.3325 3 1 
480 44.667212 10.938491 6.17007 1 7.85673 37.57603 0 6.59389 3.7975 4 4 
481 44.658389 10.930665 2.18337 3 2.86092 12.87719 0 9.76457 7.3525 1 2 
482 44.639677 10.958649 2.18337 3 2.86092 12.87719 0 9.76457 7.3525 1 2 
483 44.652534 10.931085 2.18337 3 2.86092 12.87719 0 9.76457 7.3525 1 2 
484 44.666557 10.913467 0.71682 4 0.55814 11.9808 0 0.97351 9.3325 3 1 
485 44.655052 10.895586 1.26791 1 3.04286 21.33838 0 7.54948 3.3550 2 2 
486 44.857534 11.205391 6.17007 1 7.85673 37.57603 0 6.59389 3.7975 4 4 
487 44.669187 10.901785 2.18337 3 2.86092 12.87719 0 9.76457 7.3525 1 2 
488 44.637011 10.903547 1.26791 1 3.04286 21.33838 0 7.54948 3.3550 2 2 
489 44.638285 10.894099 6.17007 1 7.85673 37.57603 0 6.59389 3.7975 4 4 
490 44.500456 11.021603 1.26791 1 3.04286 21.33838 0 7.54948 3.3550 2 2 
491 44.641964 10.923701 2.18337 3 2.86092 12.87719 0 9.76457 7.3525 1 2 
492 44.624223 10.973547 1.61198 2 1.87511 14.73976 0 4.65248 5.3325 5 1 
493 44.634406 10.975937 2.18337 3 2.86092 12.87719 0 9.76457 7.3525 1 2 
494 44.580871 10.919996 6.17007 1 7.85673 37.57603 0 6.59389 3.7975 4 4 
495 44.636391 10.935298 1.61198 2 1.87511 14.73976 0 4.65248 5.3325 5 1 
496 44.653016 10.926072 2.18337 3 2.86092 12.87719 0 9.76457 7.3525 1 2 
497 44.637602 10.909784 6.17007 1 7.85673 37.57603 0 6.59389 3.7975 4 4 
498 44.647885 10.927507 6.17007 1 7.85673 37.57603 0 6.59389 3.7975 4 4 
499 44.647346 10.929423 6.17007 1 7.85673 37.57603 0 6.59389 3.7975 4 4 
500 44.657133 10.901686 2.18337 3 2.86092 12.87719 0 9.76457 7.3525 1 2 
501 44.696272 10.917355 2.18337 3 2.86092 12.87719 0 9.76457 7.3525 1 2 
502 44.631904 10.899614 0.71682 4 0.55814 11.9808 0 0.97351 9.3325 3 1 
503 44.621012 10.917444 2.18337 3 2.86092 12.87719 0 9.76457 7.3525 1 2 
504 44.642964 10.898701 0.71682 4 0.55814 11.9808 0 0.97351 9.3325 3 1 
505 44.611158 10.892885 1.26791 1 3.04286 21.33838 0 7.54948 3.3550 2 2 
506 44.644965 10.924770 0.71682 4 0.55814 11.9808 0 0.97351 9.3325 3 1 
507 44.643622 10.924285 0.71682 4 0.55814 11.9808 0 0.97351 9.3325 3 1 
508 44.549662 10.933736 6.17007 1 7.85673 37.57603 0 6.59389 3.7975 4 4 
509 44.604908 10.864639 2.18337 3 2.86092 12.87719 0 9.76457 7.3525 1 2 
510 44.628366 10.833977 0.71682 4 0.55814 11.9808 0 0.97351 9.3325 3 1 
511 44.675251 11.032612 1.26791 1 3.04286 21.33838 0 7.54948 3.3550 2 2 
512 44.667786 10.937702 0.71682 4 0.55814 11.9808 0 0.97351 9.3325 3 1 
513 44.644582 10.916699 1.26791 1 3.04286 21.33838 0 7.54948 3.3550 2 2 
514 44.684926 10.967801 6.17007 1 7.85673 37.57603 0 6.59389 3.7975 4 4 
515 44.644519 10.923326 6.17007 1 7.85673 37.57603 0 6.59389 3.7975 4 4 
516 44.704257 10.946627 0.71682 4 0.55814 11.9808 0 0.97351 9.3325 3 1 
517 44.643125 10.923329 1.26791 1 3.04286 21.33838 0 7.54948 3.3550 2 2 
518 44.634073 10.933342 1.61198 2 1.87511 14.73976 0 4.65248 5.3325 5 1 
519 44.635764 10.971245 0.71682 4 0.55814 11.9808 0 0.97351 9.3325 3 1 
520 44.632720 10.904139 1.61198 2 1.87511 14.73976 0 4.65248 5.3325 5 1 
521 44.621414 10.938813 2.18337 3 2.86092 12.87719 0 9.76457 7.3525 1 2 
522 44.650637 10.954982 1.61198 2 1.87511 14.73976 0 4.65248 5.3325 5 1 
523 44.667430 10.911528 1.26791 1 3.04286 21.33838 0 7.54948 3.3550 2 2 
524 44.632796 10.961863 1.61198 2 1.87511 14.73976 0 4.65248 5.3325 5 1 
525 44.639686 10.959344 1.26791 1 3.04286 21.33838 0 7.54948 3.3550 2 2 
526 44.642272 10.911903 1.61198 2 1.87511 14.73976 0 4.65248 5.3325 5 1 
527 44.631749 10.916527 2.18337 3 2.86092 12.87719 0 9.76457 7.3525 1 2 
528 44.654557 10.914575 1.61198 2 1.87511 14.73976 0 4.65248 5.3325 5 1 
529 44.788902 11.135891 2.18337 3 2.86092 12.87719 0 9.76457 7.3525 1 2 
530 44.643971 10.898794 0.71682 4 0.55814 11.9808 0 0.97351 9.3325 3 1 
531 44.899278 11.064949 1.26791 1 3.04286 21.33838 0 7.54948 3.3550 2 2 
532 44.617010 10.924227 1.61198 2 1.87511 14.73976 0 4.65248 5.3325 5 1 
533 44.650766 10.895095 6.17007 1 7.85673 37.57603 0 6.59389 3.7975 4 4 
534 44.643308 10.929525 1.26791 1 3.04286 21.33838 0 7.54948 3.3550 2 2 
535 44.654628 10.929789 2.18337 3 2.86092 12.87719 0 9.76457 7.3525 1 2 
536 44.606553 10.863299 0.71682 4 0.55814 11.9808 0 0.97351 9.3325 3 1 
537 44.651742 10.927013 1.61198 2 1.87511 14.73976 0 4.65248 5.3325 5 1 
538 44.655270 10.962604 0.71682 4 0.55814 11.9808 0 0.97351 9.3325 3 1 
539 44.628194 10.942825 2.18337 3 2.86092 12.87719 0 9.76457 7.3525 1 2 
540 44.653356 10.916260 1.61198 2 1.87511 14.73976 0 4.65248 5.3325 5 1 
541 44.640399 10.963117 1.61198 2 1.87511 14.73976 0 4.65248 5.3325 5 1 
542 44.603614 10.968888 1.61198 2 1.87511 14.73976 0 4.65248 5.3325 5 1 
543 44.641140 10.967674 2.18337 3 2.86092 12.87719 0 9.76457 7.3525 1 2 
544 44.650909 10.902984 1.61198 2 1.87511 14.73976 0 4.65248 5.3325 5 1 
545 44.647224 10.937482 6.17007 1 7.85673 37.57603 0 6.59389 3.7975 4 4 
546 44.578913 10.938206 2.18337 3 2.86092 12.87719 0 9.76457 7.3525 1 2 
547 44.666988 10.913848 0.71682 4 0.55814 11.9808 0 0.97351 9.3325 3 1 
548 44.629040 10.975422 1.61198 2 1.87511 14.73976 0 4.65248 5.3325 5 1 
549 44.627388 10.947458 0.71682 4 0.55814 11.9808 0 0.97351 9.3325 3 1 
550 44.585900 10.971445 0.71682 4 0.55814 11.9808 0 0.97351 9.3325 3 1 
551 44.627402 10.891416 6.17007 1 7.85673 37.57603 0 6.59389 3.7975 4 4 
552 44.850090 11.065451 6.17007 1 7.85673 37.57603 0 6.59389 3.7975 4 4 
553 44.585973 10.971270 6.17007 1 7.85673 37.57603 0 6.59389 3.7975 4 4 
554 44.670502 10.934840 0.71682 4 0.55814 11.9808 0 0.97351 9.3325 3 1 
555 44.662205 10.929626 1.26791 1 3.04286 21.33838 0 7.54948 3.3550 2 2 
556 44.645877 10.928974 0.71682 4 0.55814 11.9808 0 0.97351 9.3325 3 1 
557 44.653078 10.913648 0.71682 4 0.55814 11.9808 0 0.97351 9.3325 3 1 
558 44.591613 10.957505 6.17007 1 7.85673 37.57603 0 6.59389 3.7975 4 4 
559 44.714071 10.898405 0.71682 4 0.55814 11.9808 0 0.97351 9.3325 3 1 
560 44.647058 10.842760 6.17007 1 7.85673 37.57603 0 6.59389 3.7975 4 4 
561 44.615921 10.927205 2.18337 3 2.86092 12.87719 0 9.76457 7.3525 1 2 
562 44.636657 10.910483 1.61198 2 1.87511 14.73976 0 4.65248 5.3325 5 1 
563 44.601415 10.977811 1.26791 1 3.04286 21.33838 0 7.54948 3.3550 2 2 
564 44.602597 10.971684 6.17007 1 7.85673 37.57603 0 6.59389 3.7975 4 4 
565 44.627301 10.903417 0.71682 4 0.55814 11.9808 0 0.97351 9.3325 3 1 
566 44.641374 10.919607 0.71682 4 0.55814 11.9808 0 0.97351 9.3325 3 1 
567 44.620273 10.890021 1.61198 2 1.87511 14.73976 0 4.65248 5.3325 5 1 
568 44.649934 10.932892 1.61198 2 1.87511 14.73976 0 4.65248 5.3325 5 1 
569 44.640750 10.819774 1.61198 2 1.87511 14.73976 0 4.65248 5.3325 5 1 
570 44.630928 10.901713 2.18337 3 2.86092 12.87719 0 9.76457 7.3525 1 2 
571 44.659224 10.892006 0.71682 4 0.55814 11.9808 0 0.97351 9.3325 3 1 
572 44.602907 10.970402 1.61198 2 1.87511 14.73976 0 4.65248 5.3325 5 1 
573 44.657704 10.913445 6.17007 1 7.85673 37.57603 0 6.59389 3.7975 4 4 
574 44.885152 11.052974 2.18337 3 2.86092 12.87719 0 9.76457 7.3525 1 2 
575 44.635985 10.956004 1.61198 2 1.87511 14.73976 0 4.65248 5.3325 5 1 
576 44.638667 10.931792 1.61198 2 1.87511 14.73976 0 4.65248 5.3325 5 1 
577 44.638321 10.908776 0.71682 4 0.55814 11.9808 0 0.97351 9.3325 3 1 
578 44.730828 10.925050 0.71682 4 0.55814 11.9808 0 0.97351 9.3325 3 1 
579 44.641862 10.832317 1.26791 1 3.04286 21.33838 0 7.54948 3.3550 2 2 
580 44.595792 10.973233 0.71682 4 0.55814 11.9808 0 0.97351 9.3325 3 1 
581 44.586460 10.971802 1.61198 2 1.87511 14.73976 0 4.65248 5.3325 5 1 
582 44.547036 10.791965 0.71682 4 0.55814 11.9808 0 0.97351 9.3325 3 1 
583 44.601714 10.971095 1.61198 2 1.87511 14.73976 0 4.65248 5.3325 5 1 
584 44.635966 10.934109 1.26791 1 3.04286 21.33838 0 7.54948 3.3550 2 2 
585 44.543522 10.781224 6.17007 1 7.85673 37.57603 0 6.59389 3.7975 4 4 
586 44.527046 10.874341 1.26791 1 3.04286 21.33838 0 7.54948 3.3550 2 2 
587 44.628281 10.896484 6.17007 1 7.85673 37.57603 0 6.59389 3.7975 4 4 
588 44.630239 10.974414 1.26791 1 3.04286 21.33838 0 7.54948 3.3550 2 2 
589 44.657216 10.932591 0.71682 4 0.55814 11.9808 0 0.97351 9.3325 3 1 
590 44.629612 10.951159 2.18337 3 2.86092 12.87719 0 9.76457 7.3525 1 2 
591 44.627062 10.918328 0.71682 4 0.55814 11.9808 0 0.97351 9.3325 3 1 
592 44.630385 10.922742 2.18337 3 2.86092 12.87719 0 9.76457 7.3525 1 2 
593 44.576465 10.839595 0.71682 4 0.55814 11.9808 0 0.97351 9.3325 3 1 
594 44.668651 10.933893 6.17007 1 7.85673 37.57603 0 6.59389 3.7975 4 4 
595 44.645988 10.925689 6.17007 1 7.85673 37.57603 0 6.59389 3.7975 4 4 
596 44.609512 10.989024 1.61198 2 1.87511 14.73976 0 4.65248 5.3325 5 1 
597 44.890527 10.902993 1.61198 2 1.87511 14.73976 0 4.65248 5.3325 5 1 
598 44.688721 10.965529 6.17007 1 7.85673 37.57603 0 6.59389 3.7975 4 4 
599 44.652394 10.941063 6.17007 1 7.85673 37.57603 0 6.59389 3.7975 4 4 
600 44.634697 10.906682 0.71682 4 0.55814 11.9808 0 0.97351 9.3325 3 1 
601 44.666354 10.935281 6.17007 1 7.85673 37.57603 0 6.59389 3.7975 4 4 
602 44.640826 10.908093 1.61198 2 1.87511 14.73976 0 4.65248 5.3325 5 1 
603 44.646686 10.932939 1.61198 2 1.87511 14.73976 0 4.65248 5.3325 5 1 
604 44.617017 10.932033 0.71682 4 0.55814 11.9808 0 0.97351 9.3325 3 1 
605 44.638480 10.899030 1.26791 1 3.04286 21.33838 0 7.54948 3.3550 2 2 
606 44.646026 10.846565 1.26791 1 3.04286 21.33838 0 7.54948 3.3550 2 2 
607 44.629577 10.870020 2.18337 3 2.86092 12.87719 0 9.76457 7.3525 1 2 
608 44.639138 10.915636 1.61198 2 1.87511 14.73976 0 4.65248 5.3325 5 1 
609 44.635558 10.907146 0.71682 4 0.55814 11.9808 0 0.97351 9.3325 3 1 
610 44.638472 10.918212 1.61198 2 1.87511 14.73976 0 4.65248 5.3325 5 1 
611 44.607556 10.860359 0.71682 4 0.55814 11.9808 0 0.97351 9.3325 3 1 
612 44.642117 10.964191 2.18337 3 2.86092 12.87719 0 9.76457 7.3525 1 2 
613 44.677450 11.040029 2.18337 3 2.86092 12.87719 0 9.76457 7.3525 1 2 
614 44.632002 10.951581 0.71682 4 0.55814 11.9808 0 0.97351 9.3325 3 1 
615 44.659502 10.901343 0.71682 4 0.55814 11.9808 0 0.97351 9.3325 3 1 
616 44.628163 10.893693 0.71682 4 0.55814 11.9808 0 0.97351 9.3325 3 1 
617 44.643637 10.929737 0.71682 4 0.55814 11.9808 0 0.97351 9.3325 3 1 
618 44.636492 10.962648 1.26791 1 3.04286 21.33838 0 7.54948 3.3550 2 2 
619 44.654604 10.959821 6.17007 1 7.85673 37.57603 0 6.59389 3.7975 4 4 
620 44.613852 10.887416 1.26791 1 3.04286 21.33838 0 7.54948 3.3550 2 2 
621 44.621478 10.909658 1.61198 2 1.87511 14.73976 0 4.65248 5.3325 5 1 
622 44.688915 10.919713 2.18337 3 2.86092 12.87719 0 9.76457 7.3525 1 2 
623 44.638130 10.973288 1.61198 2 1.87511 14.73976 0 4.65248 5.3325 5 1 
624 44.674217 10.952219 2.18337 3 2.86092 12.87719 0 9.76457 7.3525 1 2 
625 44.638736 10.965669 6.17007 1 7.85673 37.57603 0 6.59389 3.7975 4 4 
626 44.550152 10.924810 1.26791 1 3.04286 21.33838 0 7.54948 3.3550 2 2 
627 44.629734 10.970472 1.26791 1 3.04286 21.33838 0 7.54948 3.3550 2 2 
628 44.645031 10.901825 6.17007 1 7.85673 37.57603 0 6.59389 3.7975 4 4 
629 44.648266 10.909767 1.26791 1 3.04286 21.33838 0 7.54948 3.3550 2 2 
630 44.625685 10.944142 0.71682 4 0.55814 11.9808 0 0.97351 9.3325 3 1 
631 44.640327 10.918668 0.71682 4 0.55814 11.9808 0 0.97351 9.3325 3 1 
632 44.629552 10.902643 1.61198 2 1.87511 14.73976 0 4.65248 5.3325 5 1 
633 44.600149 10.860586 1.61198 2 1.87511 14.73976 0 4.65248 5.3325 5 1 
634 44.682634 10.907414 1.26791 1 3.04286 21.33838 0 7.54948 3.3550 2 2 
635 44.667966 10.937350 2.18337 3 2.86092 12.87719 0 9.76457 7.3525 1 2 
636 44.655234 10.962582 2.18337 3 2.86092 12.87719 0 9.76457 7.3525 1 2 
637 44.640096 10.893330 2.18337 3 2.86092 12.87719 0 9.76457 7.3525 1 2 
638 44.674861 10.930522 6.17007 1 7.85673 37.57603 0 6.59389 3.7975 4 4 
639 44.630848 10.935448 6.17007 1 7.85673 37.57603 0 6.59389 3.7975 4 4 
640 44.618136 10.924923 2.18337 3 2.86092 12.87719 0 9.76457 7.3525 1 2 
641 44.640107 10.896095 0.71682 4 0.55814 11.9808 0 0.97351 9.3325 3 1 
642 44.650097 10.939213 2.18337 3 2.86092 12.87719 0 9.76457 7.3525 1 2 
643 44.640469 10.917892 2.18337 3 2.86092 12.87719 0 9.76457 7.3525 1 2 
644 44.646366 10.925770 1.61198 2 1.87511 14.73976 0 4.65248 5.3325 5 1 
645 44.621911 10.937752 0.71682 4 0.55814 11.9808 0 0.97351 9.3325 3 1 
646 44.660610 10.899717 1.61198 2 1.87511 14.73976 0 4.65248 5.3325 5 1 
647 44.531849 10.880748 2.18337 3 2.86092 12.87719 0 9.76457 7.3525 1 2 
648 44.631483 10.966768 6.17007 1 7.85673 37.57603 0 6.59389 3.7975 4 4 
649 44.646765 10.924365 6.17007 1 7.85673 37.57603 0 6.59389 3.7975 4 4 
650 44.525286 10.893328 1.61198 2 1.87511 14.73976 0 4.65248 5.3325 5 1 
651 44.653593 10.902316 6.17007 1 7.85673 37.57603 0 6.59389 3.7975 4 4 
652 44.287734 10.673753 6.17007 1 7.85673 37.57603 0 6.59389 3.7975 4 4 
653 44.618683 10.932906 1.61198 2 1.87511 14.73976 0 4.65248 5.3325 5 1 
654 44.684816 10.890356 1.26791 1 3.04286 21.33838 0 7.54948 3.3550 2 2 
655 44.630983 10.937609 1.26791 1 3.04286 21.33838 0 7.54948 3.3550 2 2 
656 44.586021 10.915017 1.26791 1 3.04286 21.33838 0 7.54948 3.3550 2 2 
657 44.635559 10.948633 6.17007 1 7.85673 37.57603 0 6.59389 3.7975 4 4 
658 44.563985 10.805434 0.71682 4 0.55814 11.9808 0 0.97351 9.3325 3 1 
659 44.629322 10.918539 0.71682 4 0.55814 11.9808 0 0.97351 9.3325 3 1 
660 44.636347 10.895024 1.61198 2 1.87511 14.73976 0 4.65248 5.3325 5 1 
661 44.652963 10.941439 1.61198 2 1.87511 14.73976 0 4.65248 5.3325 5 1 
662 44.634962 10.908556 1.61198 2 1.87511 14.73976 0 4.65248 5.3325 5 1 
663 44.688915 10.919713 1.26791 1 3.04286 21.33838 0 7.54948 3.3550 2 2 
664 44.604387 10.968903 2.18337 3 2.86092 12.87719 0 9.76457 7.3525 1 2 
665 44.655253 10.886457 6.17007 1 7.85673 37.57603 0 6.59389 3.7975 4 4 
666 44.654995 10.877398 1.61198 2 1.87511 14.73976 0 4.65248 5.3325 5 1 
667 44.645781 10.923031 1.61198 2 1.87511 14.73976 0 4.65248 5.3325 5 1 
668 44.800015 10.992203 1.26791 1 3.04286 21.33838 0 7.54948 3.3550 2 2 
669 44.622545 10.929545 0.71682 4 0.55814 11.9808 0 0.97351 9.3325 3 1 
670 44.637842 10.935338 1.61198 2 1.87511 14.73976 0 4.65248 5.3325 5 1 
671 44.627633 10.896664 1.26791 1 3.04286 21.33838 0 7.54948 3.3550 2 2 
672 44.637133 10.913905 1.26791 1 3.04286 21.33838 0 7.54948 3.3550 2 2 
673 44.662224 10.888894 1.26791 1 3.04286 21.33838 0 7.54948 3.3550 2 2 
674 44.633814 10.918435 0.71682 4 0.55814 11.9808 0 0.97351 9.3325 3 1 
675 44.647742 10.927925 2.18337 3 2.86092 12.87719 0 9.76457 7.3525 1 2 
676 44.616335 10.927542 0.71682 4 0.55814 11.9808 0 0.97351 9.3325 3 1 
677 44.629529 10.963538 6.17007 1 7.85673 37.57603 0 6.59389 3.7975 4 4 
678 44.622417 10.916021 1.26791 1 3.04286 21.33838 0 7.54948 3.3550 2 2 
679 44.697617 10.905624 1.61198 2 1.87511 14.73976 0 4.65248 5.3325 5 1 
680 44.637409 10.949981 1.61198 2 1.87511 14.73976 0 4.65248 5.3325 5 1 
681 44.657087 10.961335 1.61198 2 1.87511 14.73976 0 4.65248 5.3325 5 1 
682 44.643647 10.916386 0.71682 4 0.55814 11.9808 0 0.97351 9.3325 3 1 
683 44.618619 10.887601 1.26791 1 3.04286 21.33838 0 7.54948 3.3550 2 2 
684 44.628547 10.911876 0.71682 4 0.55814 11.9808 0 0.97351 9.3325 3 1 
685 44.672752 10.933463 6.17007 1 7.85673 37.57603 0 6.59389 3.7975 4 4 
686 44.656381 10.903127 2.18337 3 2.86092 12.87719 0 9.76457 7.3525 1 2 
687 44.656150 10.969054 2.18337 3 2.86092 12.87719 0 9.76457 7.3525 1 2 
688 44.635731 10.871516 2.18337 3 2.86092 12.87719 0 9.76457 7.3525 1 2 
689 44.633656 10.899052 6.17007 1 7.85673 37.57603 0 6.59389 3.7975 4 4 
690 44.634192 10.925248 6.17007 1 7.85673 37.57603 0 6.59389 3.7975 4 4 
691 44.637533 10.913619 1.26791 1 3.04286 21.33838 0 7.54948 3.3550 2 2 
692 44.631074 10.951644 6.17007 1 7.85673 37.57603 0 6.59389 3.7975 4 4 
693 44.535858 10.814282 1.61198 2 1.87511 14.73976 0 4.65248 5.3325 5 1 
694 44.646067 10.852251 0.71682 4 0.55814 11.9808 0 0.97351 9.3325 3 1 
695 44.638342 10.917931 6.17007 1 7.85673 37.57603 0 6.59389 3.7975 4 4 
696 44.656173 10.914561 1.61198 2 1.87511 14.73976 0 4.65248 5.3325 5 1 
697 44.644588 10.887783 1.61198 2 1.87511 14.73976 0 4.65248 5.3325 5 1 
698 44.652093 10.934599 1.61198 2 1.87511 14.73976 0 4.65248 5.3325 5 1 
699 44.530956 11.015722 2.18337 3 2.86092 12.87719 0 9.76457 7.3525 1 2 
700 44.892099 10.901418 1.26791 1 3.04286 21.33838 0 7.54948 3.3550 2 2 
701 44.635382 10.969646 2.18337 3 2.86092 12.87719 0 9.76457 7.3525 1 2 
702 44.536802 10.813365 1.26791 1 3.04286 21.33838 0 7.54948 3.3550 2 2 
703 44.631068 10.898911 1.61198 2 1.87511 14.73976 0 4.65248 5.3325 5 1 
704 44.671533 10.939246 6.17007 1 7.85673 37.57603 0 6.59389 3.7975 4 4 
705 44.512426 10.946981 1.61198 2 1.87511 14.73976 0 4.65248 5.3325 5 1 
706 44.651327 10.928222 1.61198 2 1.87511 14.73976 0 4.65248 5.3325 5 1 
707 44.659502 10.930154 0.71682 4 0.55814 11.9808 0 0.97351 9.3325 3 1 
708 44.886839 10.897389 1.61198 2 1.87511 14.73976 0 4.65248 5.3325 5 1 
709 44.624830 10.928146 2.18337 3 2.86092 12.87719 0 9.76457 7.3525 1 2 
710 44.629643 10.916028 1.26791 1 3.04286 21.33838 0 7.54948 3.3550 2 2 
711 44.635050 10.931091 1.26791 1 3.04286 21.33838 0 7.54948 3.3550 2 2 
712 44.651177 10.950521 1.26791 1 3.04286 21.33838 0 7.54948 3.3550 2 2 
713 44.654330 10.948790 1.61198 2 1.87511 14.73976 0 4.65248 5.3325 5 1 
714 44.653782 10.945181 1.26791 1 3.04286 21.33838 0 7.54948 3.3550 2 2 
715 44.653872 10.948739 0.71682 4 0.55814 11.9808 0 0.97351 9.3325 3 1 
716 44.653465 10.944126 1.61198 2 1.87511 14.73976 0 4.65248 5.3325 5 1 
717 44.651441 10.943968 1.26791 1 3.04286 21.33838 0 7.54948 3.3550 2 2 
718 44.654201 10.951187 1.61198 2 1.87511 14.73976 0 4.65248 5.3325 5 1 
719 44.652975 10.944591 2.18337 3 2.86092 12.87719 0 9.76457 7.3525 1 2 
720 44.654849 10.949426 2.18337 3 2.86092 12.87719 0 9.76457 7.3525 1 2 
721 44.653286 10.948375 2.18337 3 2.86092 12.87719 0 9.76457 7.3525 1 2 
722 44.654398 10.947156 6.17007 1 7.85673 37.57603 0 6.59389 3.7975 4 4 
723 44.640670 10.907158 2.18337 3 2.86092 12.87719 0 9.76457 7.3525 1 2 
724 44.665326 10.913667 2.18337 3 2.86092 12.87719 0 9.76457 7.3525 1 2 
725 44.641348 10.955361 0.71682 4 0.55814 11.9808 0 0.97351 9.3325 3 1 
726 44.640473 10.964498 2.18337 3 2.86092 12.87719 0 9.76457 7.3525 1 2 
727 44.738491 10.921015 2.18337 3 2.86092 12.87719 0 9.76457 7.3525 1 2 
728 44.644663 10.942872 2.18337 3 2.86092 12.87719 0 9.76457 7.3525 1 2 
729 44.647484 10.922107 6.17007 1 7.85673 37.57603 0 6.59389 3.7975 4 4 
730 44.653930 10.912998 0.71682 4 0.55814 11.9808 0 0.97351 9.3325 3 1 
731 44.624450 10.904349 1.61198 2 1.87511 14.73976 0 4.65248 5.3325 5 1 
732 44.658350 10.860539 1.61198 2 1.87511 14.73976 0 4.65248 5.3325 5 1 
733 44.630846 10.970793 1.26791 1 3.04286 21.33838 0 7.54948 3.3550 2 2 
734 44.658901 10.879782 6.17007 1 7.85673 37.57603 0 6.59389 3.7975 4 4 
735 44.643784 10.912655 1.26791 1 3.04286 21.33838 0 7.54948 3.3550 2 2 
736 44.507861 10.945151 0.71682 4 0.55814 11.9808 0 0.97351 9.3325 3 1 
737 44.641659 10.951828 2.18337 3 2.86092 12.87719 0 9.76457 7.3525 1 2 
738 44.629935 10.910739 1.26791 1 3.04286 21.33838 0 7.54948 3.3550 2 2 
739 44.603461 10.870396 2.18337 3 2.86092 12.87719 0 9.76457 7.3525 1 2 
740 44.627832 10.975776 1.26791 1 3.04286 21.33838 0 7.54948 3.3550 2 2 
741 44.524906 10.857139 6.17007 1 7.85673 37.57603 0 6.59389 3.7975 4 4 
742 44.637760 10.919078 6.17007 1 7.85673 37.57603 0 6.59389 3.7975 4 4 
743 44.883938 11.074567 2.18337 3 2.86092 12.87719 0 9.76457 7.3525 1 2 
744 44.642570 10.928215 2.18337 3 2.86092 12.87719 0 9.76457 7.3525 1 2 
745 44.709257 10.915417 1.61198 2 1.87511 14.73976 0 4.65248 5.3325 5 1 
746 44.643939 10.928933 1.61198 2 1.87511 14.73976 0 4.65248 5.3325 5 1 
747 44.615566 10.975004 2.18337 3 2.86092 12.87719 0 9.76457 7.3525 1 2 
748 44.661430 10.936986 0.71682 4 0.55814 11.9808 0 0.97351 9.3325 3 1 
749 44.625435 10.892523 1.61198 2 1.87511 14.73976 0 4.65248 5.3325 5 1 
750 44.638616 10.911739 6.17007 1 7.85673 37.57603 0 6.59389 3.7975 4 4 
751 44.622446 10.921893 2.18337 3 2.86092 12.87719 0 9.76457 7.3525 1 2 
752 44.647725 10.924663 1.26791 1 3.04286 21.33838 0 7.54948 3.3550 2 2 
753 44.644793 10.908556 1.26791 1 3.04286 21.33838 0 7.54948 3.3550 2 2 
754 44.625318 10.894154 6.17007 1 7.85673 37.57603 0 6.59389 3.7975 4 4 
755 44.646696 10.927112 1.61198 2 1.87511 14.73976 0 4.65248 5.3325 5 1 
756 44.652502 10.933116 1.61198 2 1.87511 14.73976 0 4.65248 5.3325 5 1 
757 44.585493 11.021807 6.17007 1 7.85673 37.57603 0 6.59389 3.7975 4 4 
758 44.891514 10.899811 1.26791 1 3.04286 21.33838 0 7.54948 3.3550 2 2 
759 44.625334 10.936794 0.71682 4 0.55814 11.9808 0 0.97351 9.3325 3 1 
760 44.640218 10.913038 1.26791 1 3.04286 21.33838 0 7.54948 3.3550 2 2 
761 44.629911 10.915059 6.17007 1 7.85673 37.57603 0 6.59389 3.7975 4 4 
762 44.632760 10.917931 2.18337 3 2.86092 12.87719 0 9.76457 7.3525 1 2 
763 44.631068 10.898911 0.71682 4 0.55814 11.9808 0 0.97351 9.3325 3 1 
764 44.652105 10.941882 2.18337 3 2.86092 12.87719 0 9.76457 7.3525 1 2 
765 44.641707 10.952831 2.18337 3 2.86092 12.87719 0 9.76457 7.3525 1 2 
766 44.654835 10.887203 1.26791 1 3.04286 21.33838 0 7.54948 3.3550 2 2 
767 44.630996 10.897647 1.61198 2 1.87511 14.73976 0 4.65248 5.3325 5 1 
768 44.690809 10.971557 2.18337 3 2.86092 12.87719 0 9.76457 7.3525 1 2 
769 44.614258 10.938231 2.18337 3 2.86092 12.87719 0 9.76457 7.3525 1 2 
770 44.633135 10.924720 6.17007 1 7.85673 37.57603 0 6.59389 3.7975 4 4 
771 44.669708 10.897511 1.61198 2 1.87511 14.73976 0 4.65248 5.3325 5 1 
772 44.659561 10.943448 1.61198 2 1.87511 14.73976 0 4.65248 5.3325 5 1 
773 44.571586 10.856023 0.71682 4 0.55814 11.9808 0 0.97351 9.3325 3 1 
774 44.674959 11.031031 1.61198 2 1.87511 14.73976 0 4.65248 5.3325 5 1 
775 44.604313 10.970174 1.26791 1 3.04286 21.33838 0 7.54948 3.3550 2 2 
776 44.634734 10.947882 6.17007 1 7.85673 37.57603 0 6.59389 3.7975 4 4 
777 44.644686 10.950389 6.17007 1 7.85673 37.57603 0 6.59389 3.7975 4 4 
778 44.690952 10.840938 0.71682 4 0.55814 11.9808 0 0.97351 9.3325 3 1 
779 44.647459 10.934743 1.61198 2 1.87511 14.73976 0 4.65248 5.3325 5 1 
780 44.584341 11.078741 1.26791 1 3.04286 21.33838 0 7.54948 3.3550 2 2 
781 44.630857 10.912677 6.17007 1 7.85673 37.57603 0 6.59389 3.7975 4 4 
782 44.647663 10.927899 6.17007 1 7.85673 37.57603 0 6.59389 3.7975 4 4 
783 44.686200 10.917084 6.17007 1 7.85673 37.57603 0 6.59389 3.7975 4 4 
784 44.650243 10.919688 0.71682 4 0.55814 11.9808 0 0.97351 9.3325 3 1 
785 44.670069 10.939413 2.18337 3 2.86092 12.87719 0 9.76457 7.3525 1 2 
786 44.565545 11.036248 6.17007 1 7.85673 37.57603 0 6.59389 3.7975 4 4 
787 44.607740 10.868669 0.71682 4 0.55814 11.9808 0 0.97351 9.3325 3 1 
788 44.626318 10.945224 1.26791 1 3.04286 21.33838 0 7.54948 3.3550 2 2 
789 44.567571 10.833677 2.18337 3 2.86092 12.87719 0 9.76457 7.3525 1 2 
790 44.644731 10.926218 1.61198 2 1.87511 14.73976 0 4.65248 5.3325 5 1 
791 44.625819 10.942849 0.71682 4 0.55814 11.9808 0 0.97351 9.3325 3 1 
792 44.666505 10.912130 1.26791 1 3.04286 21.33838 0 7.54948 3.3550 2 2 
793 44.629155 10.922538 2.18337 3 2.86092 12.87719 0 9.76457 7.3525 1 2 
794 44.629951 10.918383 2.18337 3 2.86092 12.87719 0 9.76457 7.3525 1 2 
795 44.613571 10.933750 0.71682 4 0.55814 11.9808 0 0.97351 9.3325 3 1 
796 44.657409 10.912315 1.61198 2 1.87511 14.73976 0 4.65248 5.3325 5 1 
797 44.657687 10.977480 1.26791 1 3.04286 21.33838 0 7.54948 3.3550 2 2 
798 44.630355 10.941384 0.71682 4 0.55814 11.9808 0 0.97351 9.3325 3 1 
799 44.647480 10.940212 6.17007 1 7.85673 37.57603 0 6.59389 3.7975 4 4 
800 44.652983 10.931346 6.17007 1 7.85673 37.57603 0 6.59389 3.7975 4 4 
801 44.838341 11.304238 6.17007 1 7.85673 37.57603 0 6.59389 3.7975 4 4 
802 44.624814 10.937688 2.18337 3 2.86092 12.87719 0 9.76457 7.3525 1 2 
803 44.619327 10.991242 1.61198 2 1.87511 14.73976 0 4.65248 5.3325 5 1 
804 44.610197 10.870414 1.61198 2 1.87511 14.73976 0 4.65248 5.3325 5 1 
805 44.653366 10.926021 2.18337 3 2.86092 12.87719 0 9.76457 7.3525 1 2 
806 44.648444 10.925599 1.61198 2 1.87511 14.73976 0 4.65248 5.3325 5 1 
807 44.575950 10.836631 6.17007 1 7.85673 37.57603 0 6.59389 3.7975 4 4 
808 44.841945 10.959503 0.71682 4 0.55814 11.9808 0 0.97351 9.3325 3 1 
809 44.655970 10.949777 2.18337 3 2.86092 12.87719 0 9.76457 7.3525 1 2 
810 44.647604 10.943819 0.71682 4 0.55814 11.9808 0 0.97351 9.3325 3 1 
811 44.617622 10.932177 2.18337 3 2.86092 12.87719 0 9.76457 7.3525 1 2 
812 44.658991 10.881291 1.26791 1 3.04286 21.33838 0 7.54948 3.3550 2 2 
813 44.637326 10.938163 6.17007 1 7.85673 37.57603 0 6.59389 3.7975 4 4 
814 44.627114 10.948538 2.18337 3 2.86092 12.87719 0 9.76457 7.3525 1 2 
815 44.713931 10.913336 6.17007 1 7.85673 37.57603 0 6.59389 3.7975 4 4 
816 44.641298 10.909027 1.26791 1 3.04286 21.33838 0 7.54948 3.3550 2 2 
817 44.648309 10.920084 1.61198 2 1.87511 14.73976 0 4.65248 5.3325 5 1 
818 44.649160 10.923931 1.26791 1 3.04286 21.33838 0 7.54948 3.3550 2 2 
819 44.644287 10.912538 6.17007 1 7.85673 37.57603 0 6.59389 3.7975 4 4 
820 44.647155 10.938929 2.18337 3 2.86092 12.87719 0 9.76457 7.3525 1 2 
821 44.623788 10.933311 1.61198 2 1.87511 14.73976 0 4.65248 5.3325 5 1 
822 44.628905 10.919377 1.26791 1 3.04286 21.33838 0 7.54948 3.3550 2 2 
823 44.845700 11.072764 6.17007 1 7.85673 37.57603 0 6.59389 3.7975 4 4 
824 44.667607 10.946827 6.17007 1 7.85673 37.57603 0 6.59389 3.7975 4 4 
825 44.668482 10.864839 0.71682 4 0.55814 11.9808 0 0.97351 9.3325 3 1 
826 44.689984 10.974721 2.18337 3 2.86092 12.87719 0 9.76457 7.3525 1 2 
827 44.631652 10.919490 6.17007 1 7.85673 37.57603 0 6.59389 3.7975 4 4 
828 44.641933 10.922145 6.17007 1 7.85673 37.57603 0 6.59389 3.7975 4 4 
829 44.656418 10.910370 1.26791 1 3.04286 21.33838 0 7.54948 3.3550 2 2 
830 44.644802 10.921053 1.26791 1 3.04286 21.33838 0 7.54948 3.3550 2 2 
831 44.650803 10.935173 2.18337 3 2.86092 12.87719 0 9.76457 7.3525 1 2 
832 44.600885 10.976948 1.61198 2 1.87511 14.73976 0 4.65248 5.3325 5 1 
833 44.644858 10.933528 1.26791 1 3.04286 21.33838 0 7.54948 3.3550 2 2 
834 44.648093 10.916669 1.26791 1 3.04286 21.33838 0 7.54948 3.3550 2 2 
835 44.595437 10.913058 2.18337 3 2.86092 12.87719 0 9.76457 7.3525 1 2 
836 44.674005 10.899461 1.61198 2 1.87511 14.73976 0 4.65248 5.3325 5 1 
837 44.666815 10.944716 1.26791 1 3.04286 21.33838 0 7.54948 3.3550 2 2 
838 44.677046 10.936607 6.17007 1 7.85673 37.57603 0 6.59389 3.7975 4 4 
839 44.654404 10.887294 0.71682 4 0.55814 11.9808 0 0.97351 9.3325 3 1 
840 44.661658 10.888580 1.61198 2 1.87511 14.73976 0 4.65248 5.3325 5 1 
841 44.631915 10.954364 2.18337 3 2.86092 12.87719 0 9.76457 7.3525 1 2 
842 44.635745 10.896464 1.61198 2 1.87511 14.73976 0 4.65248 5.3325 5 1 
843 44.621907 10.931437 1.26791 1 3.04286 21.33838 0 7.54948 3.3550 2 2 
844 44.644342 10.895220 0.71682 4 0.55814 11.9808 0 0.97351 9.3325 3 1 
845 44.653058 10.916925 6.17007 1 7.85673 37.57603 0 6.59389 3.7975 4 4 
846 44.644947 10.912165 2.18337 3 2.86092 12.87719 0 9.76457 7.3525 1 2 
847 44.636209 10.909265 6.17007 1 7.85673 37.57603 0 6.59389 3.7975 4 4 
848 44.644835 10.896816 1.61198 2 1.87511 14.73976 0 4.65248 5.3325 5 1 
849 44.647991 10.899833 0.71682 4 0.55814 11.9808 0 0.97351 9.3325 3 1 
850 44.721629 10.891531 2.18337 3 2.86092 12.87719 0 9.76457 7.3525 1 2 
851 44.655561 10.948998 1.61198 2 1.87511 14.73976 0 4.65248 5.3325 5 1 
852 44.664860 10.934134 1.61198 2 1.87511 14.73976 0 4.65248 5.3325 5 1 
853 44.661259 10.893564 0.71682 4 0.55814 11.9808 0 0.97351 9.3325 3 1 
854 44.628283 10.939207 6.17007 1 7.85673 37.57603 0 6.59389 3.7975 4 4 
855 44.621690 10.943570 6.17007 1 7.85673 37.57603 0 6.59389 3.7975 4 4 
856 44.539518 10.898830 2.18337 3 2.86092 12.87719 0 9.76457 7.3525 1 2 
857 44.668770 10.896675 0.71682 4 0.55814 11.9808 0 0.97351 9.3325 3 1 
858 44.645375 10.817861 0.71682 4 0.55814 11.9808 0 0.97351 9.3325 3 1 
859 44.661951 10.926243 0.71682 4 0.55814 11.9808 0 0.97351 9.3325 3 1 
860 44.533598 11.025887 2.18337 3 2.86092 12.87719 0 9.76457 7.3525 1 2 
861 44.629045 10.922147 1.26791 1 3.04286 21.33838 0 7.54948 3.3550 2 2 
862 44.633063 10.944185 0.71682 4 0.55814 11.9808 0 0.97351 9.3325 3 1 
863 44.674281 10.935397 2.18337 3 2.86092 12.87719 0 9.76457 7.3525 1 2 
864 44.685044 10.895386 1.61198 2 1.87511 14.73976 0 4.65248 5.3325 5 1 
865 44.649192 10.858874 2.18337 3 2.86092 12.87719 0 9.76457 7.3525 1 2 
866 44.632036 10.935185 6.17007 1 7.85673 37.57603 0 6.59389 3.7975 4 4 
867 44.605001 10.874091 6.17007 1 7.85673 37.57603 0 6.59389 3.7975 4 4 
868 44.649291 10.849618 6.17007 1 7.85673 37.57603 0 6.59389 3.7975 4 4 
869 44.601649 10.973504 2.18337 3 2.86092 12.87719 0 9.76457 7.3525 1 2 
870 44.620079 10.942159 0.71682 4 0.55814 11.9808 0 0.97351 9.3325 3 1 
871 44.638625 10.950048 0.71682 4 0.55814 11.9808 0 0.97351 9.3325 3 1 
872 44.620861 10.851413 1.26791 1 3.04286 21.33838 0 7.54948 3.3550 2 2 
873 44.650766 10.895095 2.18337 3 2.86092 12.87719 0 9.76457 7.3525 1 2 
874 44.603971 10.971484 0.71682 4 0.55814 11.9808 0 0.97351 9.3325 3 1 
875 44.651590 10.914133 6.17007 1 7.85673 37.57603 0 6.59389 3.7975 4 4 
876 44.651407 10.858080 1.26791 1 3.04286 21.33838 0 7.54948 3.3550 2 2 
877 44.647784 10.941944 2.18337 3 2.86092 12.87719 0 9.76457 7.3525 1 2 
878 44.246237 10.716472 1.26791 1 3.04286 21.33838 0 7.54948 3.3550 2 2 
879 44.645431 10.943449 1.26791 1 3.04286 21.33838 0 7.54948 3.3550 2 2 
880 44.789517 10.861862 1.61198 2 1.87511 14.73976 0 4.65248 5.3325 5 1 
881 44.634389 10.923058 1.26791 1 3.04286 21.33838 0 7.54948 3.3550 2 2 
882 44.642754 10.905737 2.18337 3 2.86092 12.87719 0 9.76457 7.3525 1 2 
883 44.618797 10.909824 1.61198 2 1.87511 14.73976 0 4.65248 5.3325 5 1 
884 44.657801 10.919527 1.26791 1 3.04286 21.33838 0 7.54948 3.3550 2 2 
885 44.645544 10.911004 2.18337 3 2.86092 12.87719 0 9.76457 7.3525 1 2 
886 44.591132 10.949554 1.61198 2 1.87511 14.73976 0 4.65248 5.3325 5 1 
887 44.916054 10.991907 6.17007 1 7.85673 37.57603 0 6.59389 3.7975 4 4 
888 44.635645 10.923698 1.61198 2 1.87511 14.73976 0 4.65248 5.3325 5 1 
889 44.645082 10.943258 0.71682 4 0.55814 11.9808 0 0.97351 9.3325 3 1 
890 44.639693 10.952252 2.18337 3 2.86092 12.87719 0 9.76457 7.3525 1 2 
891 44.659528 10.968969 0.71682 4 0.55814 11.9808 0 0.97351 9.3325 3 1 
892 44.614723 10.939249 1.26791 1 3.04286 21.33838 0 7.54948 3.3550 2 2 
893 44.579093 10.852981 1.61198 2 1.87511 14.73976 0 4.65248 5.3325 5 1 
894 44.631325 10.916389 0.71682 4 0.55814 11.9808 0 0.97351 9.3325 3 1 
895 44.652225 10.931912 0.71682 4 0.55814 11.9808 0 0.97351 9.3325 3 1 
896 44.624244 10.925712 2.18337 3 2.86092 12.87719 0 9.76457 7.3525 1 2 
897 44.630195 10.925437 1.26791 1 3.04286 21.33838 0 7.54948 3.3550 2 2 
898 44.834270 11.140909 1.26791 1 3.04286 21.33838 0 7.54948 3.3550 2 2 
899 44.630251 10.984282 0.71682 4 0.55814 11.9808 0 0.97351 9.3325 3 1 
900 44.639162 10.950306 6.17007 1 7.85673 37.57603 0 6.59389 3.7975 4 4 