950 lat long pcc pcn mem st bw sd cost service task
1 44.633106 10.939678 2.18337 3 2.86092 12.87719 0 9.76457 7.3525 1 2 
2 44.625262 10.893088 1.61198 2 1.87511 14.73976 0 4.65248 5.3325 5 1 
3 44.647793 10.930327 1.61198 2 1.87511 14.73976 0 4.65248 5.3325 5 1 
4 44.650514 10.938734 1.26791 1 3.04286 21.33838 0 7.54948 3.3550 2 2 
5 44.654346 10.909586 1.26791 1 3.04286 21.33838 0 7.54948 3.3550 2 2 
6 44.656694 10.898991 0.71682 4 0.55814 11.9808 0 0.97351 9.3325 3 1 
7 44.690933 10.969304 2.18337 3 2.86092 12.87719 0 9.76457 7.3525 1 2 
8 44.633450 10.924301 2.18337 3 2.86092 12.87719 0 9.76457 7.3525 1 2 
9 44.642667 10.928747 0.71682 4 0.55814 11.9808 0 0.97351 9.3325 3 1 
10 44.628245 10.808032 0.71682 4 0.55814 11.9808 0 0.97351 9.3325 3 1 
11 44.602418 10.919662 1.61198 2 1.87511 14.73976 0 4.65248 5.3325 5 1 
12 44.645322 10.916054 1.61198 2 1.87511 14.73976 0 4.65248 5.3325 5 1 
13 44.643426 10.891692 0.71682 4 0.55814 11.9808 0 0.97351 9.3325 3 1 
14 44.849179 11.069823 1.61198 2 1.87511 14.73976 0 4.65248 5.3325 5 1 
15 44.638755 10.897222 2.18337 3 2.86092 12.87719 0 9.76457 7.3525 1 2 
16 44.587891 10.946703 1.26791 1 3.04286 21.33838 0 7.54948 3.3550 2 2 
17 44.644635 10.842004 1.26791 1 3.04286 21.33838 0 7.54948 3.3550 2 2 
18 44.675135 10.900189 2.18337 3 2.86092 12.87719 0 9.76457 7.3525 1 2 
19 44.623639 10.935868 1.26791 1 3.04286 21.33838 0 7.54948 3.3550 2 2 
20 44.627010 10.940864 1.61198 2 1.87511 14.73976 0 4.65248 5.3325 5 1 
21 44.687798 10.963777 1.26791 1 3.04286 21.33838 0 7.54948 3.3550 2 2 
22 44.630468 10.935947 6.17007 1 7.85673 37.57603 0 6.59389 3.7975 4 4 
23 44.644637 10.929353 2.18337 3 2.86092 12.87719 0 9.76457 7.3525 1 2 
24 44.589114 10.858776 6.17007 1 7.85673 37.57603 0 6.59389 3.7975 4 4 
25 44.644954 10.925246 6.17007 1 7.85673 37.57603 0 6.59389 3.7975 4 4 
26 44.726452 10.910250 0.71682 4 0.55814 11.9808 0 0.97351 9.3325 3 1 
27 44.689813 10.913941 1.61198 2 1.87511 14.73976 0 4.65248 5.3325 5 1 
28 44.656825 10.875966 0.71682 4 0.55814 11.9808 0 0.97351 9.3325 3 1 
29 44.661508 10.889147 2.18337 3 2.86092 12.87719 0 9.76457 7.3525 1 2 
30 44.657739 10.912519 0.71682 4 0.55814 11.9808 0 0.97351 9.3325 3 1 
31 44.628634 10.939588 6.17007 1 7.85673 37.57603 0 6.59389 3.7975 4 4 
32 44.675540 11.041978 1.26791 1 3.04286 21.33838 0 7.54948 3.3550 2 2 
33 44.286752 10.672077 2.18337 3 2.86092 12.87719 0 9.76457 7.3525 1 2 
34 44.619638 10.941135 0.71682 4 0.55814 11.9808 0 0.97351 9.3325 3 1 
35 44.287087 10.666050 1.61198 2 1.87511 14.73976 0 4.65248 5.3325 5 1 
36 44.651896 10.917380 6.17007 1 7.85673 37.57603 0 6.59389 3.7975 4 4 
37 44.635734 10.947216 1.26791 1 3.04286 21.33838 0 7.54948 3.3550 2 2 
38 44.571934 10.844666 2.18337 3 2.86092 12.87719 0 9.76457 7.3525 1 2 
39 44.655313 10.964801 6.17007 1 7.85673 37.57603 0 6.59389 3.7975 4 4 
40 44.646774 10.921880 1.26791 1 3.04286 21.33838 0 7.54948 3.3550 2 2 
41 44.600704 10.973442 1.61198 2 1.87511 14.73976 0 4.65248 5.3325 5 1 
42 44.657643 10.949641 6.17007 1 7.85673 37.57603 0 6.59389 3.7975 4 4 
43 44.628446 10.914559 6.17007 1 7.85673 37.57603 0 6.59389 3.7975 4 4 
44 44.656930 10.898282 1.26791 1 3.04286 21.33838 0 7.54948 3.3550 2 2 
45 44.678402 10.930480 1.26791 1 3.04286 21.33838 0 7.54948 3.3550 2 2 
46 44.651569 10.867872 2.18337 3 2.86092 12.87719 0 9.76457 7.3525 1 2 
47 44.662918 10.925206 2.18337 3 2.86092 12.87719 0 9.76457 7.3525 1 2 
48 44.748232 11.002663 0.71682 4 0.55814 11.9808 0 0.97351 9.3325 3 1 
49 44.630666 10.909429 1.26791 1 3.04286 21.33838 0 7.54948 3.3550 2 2 
50 44.641209 10.921766 1.61198 2 1.87511 14.73976 0 4.65248 5.3325 5 1 
51 44.656308 10.896589 1.26791 1 3.04286 21.33838 0 7.54948 3.3550 2 2 
52 44.629226 10.927507 6.17007 1 7.85673 37.57603 0 6.59389 3.7975 4 4 
53 44.661147 10.927231 0.71682 4 0.55814 11.9808 0 0.97351 9.3325 3 1 
54 44.643386 10.932400 1.26791 1 3.04286 21.33838 0 7.54948 3.3550 2 2 
55 44.666572 10.892736 6.17007 1 7.85673 37.57603 0 6.59389 3.7975 4 4 
56 44.662543 10.890877 2.18337 3 2.86092 12.87719 0 9.76457 7.3525 1 2 
57 44.643496 10.945125 1.61198 2 1.87511 14.73976 0 4.65248 5.3325 5 1 
58 44.595485 11.035603 6.17007 1 7.85673 37.57603 0 6.59389 3.7975 4 4 
59 44.659224 10.892006 1.26791 1 3.04286 21.33838 0 7.54948 3.3550 2 2 
60 44.625435 10.896339 0.71682 4 0.55814 11.9808 0 0.97351 9.3325 3 1 
61 44.575189 10.919481 6.17007 1 7.85673 37.57603 0 6.59389 3.7975 4 4 
62 44.635463 10.907084 1.26791 1 3.04286 21.33838 0 7.54948 3.3550 2 2 
63 44.624635 10.940973 6.17007 1 7.85673 37.57603 0 6.59389 3.7975 4 4 
64 44.624822 10.945836 1.61198 2 1.87511 14.73976 0 4.65248 5.3325 5 1 
65 44.638496 10.856699 0.71682 4 0.55814 11.9808 0 0.97351 9.3325 3 1 
66 44.634172 10.924156 6.17007 1 7.85673 37.57603 0 6.59389 3.7975 4 4 
67 44.645899 10.907711 0.71682 4 0.55814 11.9808 0 0.97351 9.3325 3 1 
68 44.632706 10.948055 1.26791 1 3.04286 21.33838 0 7.54948 3.3550 2 2 
69 44.639802 10.806131 1.26791 1 3.04286 21.33838 0 7.54948 3.3550 2 2 
70 44.554313 10.797328 1.26791 1 3.04286 21.33838 0 7.54948 3.3550 2 2 
71 44.639347 10.930972 0.71682 4 0.55814 11.9808 0 0.97351 9.3325 3 1 
72 44.632474 10.934182 6.17007 1 7.85673 37.57603 0 6.59389 3.7975 4 4 
73 44.623001 10.924100 1.61198 2 1.87511 14.73976 0 4.65248 5.3325 5 1 
74 44.662103 10.964165 1.26791 1 3.04286 21.33838 0 7.54948 3.3550 2 2 
75 44.610405 10.920063 1.61198 2 1.87511 14.73976 0 4.65248 5.3325 5 1 
76 44.628929 10.888966 2.18337 3 2.86092 12.87719 0 9.76457 7.3525 1 2 
77 44.536086 10.820911 1.26791 1 3.04286 21.33838 0 7.54948 3.3550 2 2 
78 44.643508 10.886377 1.26791 1 3.04286 21.33838 0 7.54948 3.3550 2 2 
79 44.642992 10.964084 0.71682 4 0.55814 11.9808 0 0.97351 9.3325 3 1 
80 44.632606 10.952201 6.17007 1 7.85673 37.57603 0 6.59389 3.7975 4 4 
81 44.612079 10.911914 0.71682 4 0.55814 11.9808 0 0.97351 9.3325 3 1 
82 44.626869 10.925723 0.71682 4 0.55814 11.9808 0 0.97351 9.3325 3 1 
83 44.343638 10.729244 6.17007 1 7.85673 37.57603 0 6.59389 3.7975 4 4 
84 44.636847 10.905362 1.26791 1 3.04286 21.33838 0 7.54948 3.3550 2 2 
85 44.651573 10.902624 0.71682 4 0.55814 11.9808 0 0.97351 9.3325 3 1 
86 44.884381 11.060460 6.17007 1 7.85673 37.57603 0 6.59389 3.7975 4 4 
87 44.625980 10.944816 2.18337 3 2.86092 12.87719 0 9.76457 7.3525 1 2 
88 44.655157 10.937415 6.17007 1 7.85673 37.57603 0 6.59389 3.7975 4 4 
89 44.656471 10.939548 1.26791 1 3.04286 21.33838 0 7.54948 3.3550 2 2 
90 44.668201 10.936144 2.18337 3 2.86092 12.87719 0 9.76457 7.3525 1 2 
91 44.654059 10.906719 1.61198 2 1.87511 14.73976 0 4.65248 5.3325 5 1 
92 44.633658 10.900076 1.61198 2 1.87511 14.73976 0 4.65248 5.3325 5 1 
93 44.641038 10.891075 0.71682 4 0.55814 11.9808 0 0.97351 9.3325 3 1 
94 44.636720 10.901462 1.61198 2 1.87511 14.73976 0 4.65248 5.3325 5 1 
95 44.601834 10.957643 0.71682 4 0.55814 11.9808 0 0.97351 9.3325 3 1 
96 44.650462 10.919184 1.26791 1 3.04286 21.33838 0 7.54948 3.3550 2 2 
97 44.637160 10.934742 6.17007 1 7.85673 37.57603 0 6.59389 3.7975 4 4 
98 44.578835 10.829993 6.17007 1 7.85673 37.57603 0 6.59389 3.7975 4 4 
99 44.619716 10.928593 2.18337 3 2.86092 12.87719 0 9.76457 7.3525 1 2 
100 44.641515 10.891953 0.71682 4 0.55814 11.9808 0 0.97351 9.3325 3 1 
101 44.632772 10.899272 0.71682 4 0.55814 11.9808 0 0.97351 9.3325 3 1 
102 44.609558 10.850379 1.61198 2 1.87511 14.73976 0 4.65248 5.3325 5 1 
103 44.696834 10.889165 2.18337 3 2.86092 12.87719 0 9.76457 7.3525 1 2 
104 44.660988 10.921575 6.17007 1 7.85673 37.57603 0 6.59389 3.7975 4 4 
105 44.631655 10.971580 1.61198 2 1.87511 14.73976 0 4.65248 5.3325 5 1 
106 44.538036 10.793516 1.61198 2 1.87511 14.73976 0 4.65248 5.3325 5 1 
107 44.626914 10.907268 2.18337 3 2.86092 12.87719 0 9.76457 7.3525 1 2 
108 44.636345 10.904913 2.18337 3 2.86092 12.87719 0 9.76457 7.3525 1 2 
109 44.635266 10.928746 6.17007 1 7.85673 37.57603 0 6.59389 3.7975 4 4 
110 44.639521 10.911066 0.71682 4 0.55814 11.9808 0 0.97351 9.3325 3 1 
111 44.630800 10.902486 1.26791 1 3.04286 21.33838 0 7.54948 3.3550 2 2 
112 44.640801 10.923262 2.18337 3 2.86092 12.87719 0 9.76457 7.3525 1 2 
113 44.688568 10.916532 0.71682 4 0.55814 11.9808 0 0.97351 9.3325 3 1 
114 44.580411 10.983637 0.71682 4 0.55814 11.9808 0 0.97351 9.3325 3 1 
115 44.671741 10.866392 2.18337 3 2.86092 12.87719 0 9.76457 7.3525 1 2 
116 44.660419 10.896387 1.61198 2 1.87511 14.73976 0 4.65248 5.3325 5 1 
117 44.641915 10.915624 2.18337 3 2.86092 12.87719 0 9.76457 7.3525 1 2 
118 44.657931 10.878713 0.71682 4 0.55814 11.9808 0 0.97351 9.3325 3 1 
119 44.645113 10.907136 6.17007 1 7.85673 37.57603 0 6.59389 3.7975 4 4 
120 44.683176 10.896164 1.26791 1 3.04286 21.33838 0 7.54948 3.3550 2 2 
121 44.630498 10.947769 1.61198 2 1.87511 14.73976 0 4.65248 5.3325 5 1 
122 44.649044 10.900630 2.18337 3 2.86092 12.87719 0 9.76457 7.3525 1 2 
123 44.666557 10.913467 6.17007 1 7.85673 37.57603 0 6.59389 3.7975 4 4 
124 44.627757 10.918063 2.18337 3 2.86092 12.87719 0 9.76457 7.3525 1 2 
125 44.699421 10.885404 0.71682 4 0.55814 11.9808 0 0.97351 9.3325 3 1 
126 44.602478 10.860014 6.17007 1 7.85673 37.57603 0 6.59389 3.7975 4 4 
127 44.685449 10.966954 2.18337 3 2.86092 12.87719 0 9.76457 7.3525 1 2 
128 44.679437 11.040059 2.18337 3 2.86092 12.87719 0 9.76457 7.3525 1 2 
129 44.641242 10.890510 2.18337 3 2.86092 12.87719 0 9.76457 7.3525 1 2 
130 44.659737 10.895949 1.61198 2 1.87511 14.73976 0 4.65248 5.3325 5 1 
131 44.633829 10.969333 1.61198 2 1.87511 14.73976 0 4.65248 5.3325 5 1 
132 44.649479 10.938563 1.61198 2 1.87511 14.73976 0 4.65248 5.3325 5 1 
133 44.604481 10.861827 0.71682 4 0.55814 11.9808 0 0.97351 9.3325 3 1 
134 44.674822 10.934524 6.17007 1 7.85673 37.57603 0 6.59389 3.7975 4 4 
135 44.580008 10.911161 0.71682 4 0.55814 11.9808 0 0.97351 9.3325 3 1 
136 44.649247 10.926936 2.18337 3 2.86092 12.87719 0 9.76457 7.3525 1 2 
137 44.640578 10.914095 0.71682 4 0.55814 11.9808 0 0.97351 9.3325 3 1 
138 44.628713 10.922815 0.71682 4 0.55814 11.9808 0 0.97351 9.3325 3 1 
139 44.657407 10.904793 1.26791 1 3.04286 21.33838 0 7.54948 3.3550 2 2 
140 44.636245 10.926057 1.61198 2 1.87511 14.73976 0 4.65248 5.3325 5 1 
141 44.644122 10.942273 2.18337 3 2.86092 12.87719 0 9.76457 7.3525 1 2 
142 44.636749 10.932037 1.61198 2 1.87511 14.73976 0 4.65248 5.3325 5 1 
143 44.651712 10.875960 6.17007 1 7.85673 37.57603 0 6.59389 3.7975 4 4 
144 44.634459 10.925545 2.18337 3 2.86092 12.87719 0 9.76457 7.3525 1 2 
145 44.634426 10.871266 2.18337 3 2.86092 12.87719 0 9.76457 7.3525 1 2 
146 44.662602 10.898617 2.18337 3 2.86092 12.87719 0 9.76457 7.3525 1 2 
147 44.789957 10.875245 2.18337 3 2.86092 12.87719 0 9.76457 7.3525 1 2 
148 44.658793 10.904980 6.17007 1 7.85673 37.57603 0 6.59389 3.7975 4 4 
149 44.649759 10.900387 1.61198 2 1.87511 14.73976 0 4.65248 5.3325 5 1 
150 44.642029 10.962812 2.18337 3 2.86092 12.87719 0 9.76457 7.3525 1 2 
151 44.632273 10.868276 1.26791 1 3.04286 21.33838 0 7.54948 3.3550 2 2 
152 44.649407 10.921292 1.61198 2 1.87511 14.73976 0 4.65248 5.3325 5 1 
153 44.625274 10.929279 0.71682 4 0.55814 11.9808 0 0.97351 9.3325 3 1 
154 44.656379 10.890524 6.17007 1 7.85673 37.57603 0 6.59389 3.7975 4 4 
155 44.475185 10.991325 2.18337 3 2.86092 12.87719 0 9.76457 7.3525 1 2 
156 44.608459 10.978220 1.61198 2 1.87511 14.73976 0 4.65248 5.3325 5 1 
157 44.524855 10.860216 2.18337 3 2.86092 12.87719 0 9.76457 7.3525 1 2 
158 44.692672 10.967912 0.71682 4 0.55814 11.9808 0 0.97351 9.3325 3 1 
159 44.658118 10.932318 2.18337 3 2.86092 12.87719 0 9.76457 7.3525 1 2 
160 44.679634 10.946879 6.17007 1 7.85673 37.57603 0 6.59389 3.7975 4 4 
161 44.644888 10.922599 6.17007 1 7.85673 37.57603 0 6.59389 3.7975 4 4 
162 44.645348 10.917547 2.18337 3 2.86092 12.87719 0 9.76457 7.3525 1 2 
163 44.633436 10.903916 6.17007 1 7.85673 37.57603 0 6.59389 3.7975 4 4 
164 44.662176 10.929089 1.26791 1 3.04286 21.33838 0 7.54948 3.3550 2 2 
165 44.655713 10.898435 6.17007 1 7.85673 37.57603 0 6.59389 3.7975 4 4 
166 44.649814 10.918457 0.71682 4 0.55814 11.9808 0 0.97351 9.3325 3 1 
167 44.639744 10.909265 6.17007 1 7.85673 37.57603 0 6.59389 3.7975 4 4 
168 44.587664 10.970517 1.61198 2 1.87511 14.73976 0 4.65248 5.3325 5 1 
169 44.625470 10.942371 1.26791 1 3.04286 21.33838 0 7.54948 3.3550 2 2 
170 44.652115 10.899743 1.26791 1 3.04286 21.33838 0 7.54948 3.3550 2 2 
171 44.672678 10.951920 1.61198 2 1.87511 14.73976 0 4.65248 5.3325 5 1 
172 44.633974 10.935704 2.18337 3 2.86092 12.87719 0 9.76457 7.3525 1 2 
173 44.620782 11.040734 6.17007 1 7.85673 37.57603 0 6.59389 3.7975 4 4 
174 44.642255 10.945016 1.26791 1 3.04286 21.33838 0 7.54948 3.3550 2 2 
175 44.647343 10.927732 0.71682 4 0.55814 11.9808 0 0.97351 9.3325 3 1 
176 44.629115 10.941370 6.17007 1 7.85673 37.57603 0 6.59389 3.7975 4 4 
177 44.877277 11.071046 2.18337 3 2.86092 12.87719 0 9.76457 7.3525 1 2 
178 44.643751 10.942125 1.61198 2 1.87511 14.73976 0 4.65248 5.3325 5 1 
179 44.659868 10.931842 0.71682 4 0.55814 11.9808 0 0.97351 9.3325 3 1 
180 44.882503 11.066729 2.18337 3 2.86092 12.87719 0 9.76457 7.3525 1 2 
181 44.676031 11.032249 1.26791 1 3.04286 21.33838 0 7.54948 3.3550 2 2 
182 44.689272 10.916227 0.71682 4 0.55814 11.9808 0 0.97351 9.3325 3 1 
183 44.629051 10.925539 1.61198 2 1.87511 14.73976 0 4.65248 5.3325 5 1 
184 44.647264 10.943387 1.26791 1 3.04286 21.33838 0 7.54948 3.3550 2 2 
185 44.646018 10.923316 6.17007 1 7.85673 37.57603 0 6.59389 3.7975 4 4 
186 44.612507 10.983511 1.26791 1 3.04286 21.33838 0 7.54948 3.3550 2 2 
187 44.652496 10.931752 6.17007 1 7.85673 37.57603 0 6.59389 3.7975 4 4 
188 44.651934 10.928912 1.61198 2 1.87511 14.73976 0 4.65248 5.3325 5 1 
189 44.638153 10.913149 1.61198 2 1.87511 14.73976 0 4.65248 5.3325 5 1 
190 44.640358 10.907456 1.26791 1 3.04286 21.33838 0 7.54948 3.3550 2 2 
191 44.649723 10.920020 0.71682 4 0.55814 11.9808 0 0.97351 9.3325 3 1 
192 44.652880 10.934645 6.17007 1 7.85673 37.57603 0 6.59389 3.7975 4 4 
193 44.637494 10.935028 1.61198 2 1.87511 14.73976 0 4.65248 5.3325 5 1 
194 44.635170 10.914836 2.18337 3 2.86092 12.87719 0 9.76457 7.3525 1 2 
195 44.634089 10.916551 1.61198 2 1.87511 14.73976 0 4.65248 5.3325 5 1 
196 44.632542 10.935307 2.18337 3 2.86092 12.87719 0 9.76457 7.3525 1 2 
197 44.633457 10.856224 1.26791 1 3.04286 21.33838 0 7.54948 3.3550 2 2 
198 44.644637 10.934088 2.18337 3 2.86092 12.87719 0 9.76457 7.3525 1 2 
199 44.659200 10.933352 6.17007 1 7.85673 37.57603 0 6.59389 3.7975 4 4 
200 44.656419 10.909598 2.18337 3 2.86092 12.87719 0 9.76457 7.3525 1 2 
201 44.687662 10.963423 6.17007 1 7.85673 37.57603 0 6.59389 3.7975 4 4 
202 44.639710 10.948131 6.17007 1 7.85673 37.57603 0 6.59389 3.7975 4 4 
203 44.628419 10.912597 0.71682 4 0.55814 11.9808 0 0.97351 9.3325 3 1 
204 44.623780 10.917712 0.71682 4 0.55814 11.9808 0 0.97351 9.3325 3 1 
205 44.629260 10.942703 1.26791 1 3.04286 21.33838 0 7.54948 3.3550 2 2 
206 44.645879 10.930202 0.71682 4 0.55814 11.9808 0 0.97351 9.3325 3 1 
207 44.622270 10.816410 1.61198 2 1.87511 14.73976 0 4.65248 5.3325 5 1 
208 44.638511 10.873769 1.26791 1 3.04286 21.33838 0 7.54948 3.3550 2 2 
209 44.625556 10.894379 2.18337 3 2.86092 12.87719 0 9.76457 7.3525 1 2 
210 44.836184 11.292578 2.18337 3 2.86092 12.87719 0 9.76457 7.3525 1 2 
211 44.641763 10.939536 0.71682 4 0.55814 11.9808 0 0.97351 9.3325 3 1 
212 44.695435 10.875618 6.17007 1 7.85673 37.57603 0 6.59389 3.7975 4 4 
213 44.633370 10.946570 2.18337 3 2.86092 12.87719 0 9.76457 7.3525 1 2 
214 44.639702 10.913418 0.71682 4 0.55814 11.9808 0 0.97351 9.3325 3 1 
215 44.594989 11.037887 1.26791 1 3.04286 21.33838 0 7.54948 3.3550 2 2 
216 44.660409 10.962256 1.61198 2 1.87511 14.73976 0 4.65248 5.3325 5 1 
217 44.659720 10.920255 6.17007 1 7.85673 37.57603 0 6.59389 3.7975 4 4 
218 44.660123 10.911161 1.61198 2 1.87511 14.73976 0 4.65248 5.3325 5 1 
219 44.626128 10.929277 1.61198 2 1.87511 14.73976 0 4.65248 5.3325 5 1 
220 44.636780 10.930377 2.18337 3 2.86092 12.87719 0 9.76457 7.3525 1 2 
221 44.668198 10.938464 6.17007 1 7.85673 37.57603 0 6.59389 3.7975 4 4 
222 44.645871 10.915881 1.61198 2 1.87511 14.73976 0 4.65248 5.3325 5 1 
223 44.650372 10.898436 2.18337 3 2.86092 12.87719 0 9.76457 7.3525 1 2 
224 44.632442 10.915098 6.17007 1 7.85673 37.57603 0 6.59389 3.7975 4 4 
225 44.651835 10.933512 2.18337 3 2.86092 12.87719 0 9.76457 7.3525 1 2 
226 44.634077 10.950419 2.18337 3 2.86092 12.87719 0 9.76457 7.3525 1 2 
227 44.622888 10.891130 6.17007 1 7.85673 37.57603 0 6.59389 3.7975 4 4 
228 44.672005 10.939487 0.71682 4 0.55814 11.9808 0 0.97351 9.3325 3 1 
229 44.636236 10.921261 6.17007 1 7.85673 37.57603 0 6.59389 3.7975 4 4 
230 44.509709 10.950041 1.61198 2 1.87511 14.73976 0 4.65248 5.3325 5 1 
231 44.893451 11.065997 6.17007 1 7.85673 37.57603 0 6.59389 3.7975 4 4 
232 44.641216 10.943818 2.18337 3 2.86092 12.87719 0 9.76457 7.3525 1 2 
233 44.641960 10.966249 0.71682 4 0.55814 11.9808 0 0.97351 9.3325 3 1 
234 44.630155 10.960969 1.26791 1 3.04286 21.33838 0 7.54948 3.3550 2 2 
235 44.655040 10.905814 1.61198 2 1.87511 14.73976 0 4.65248 5.3325 5 1 
236 44.655574 10.900547 6.17007 1 7.85673 37.57603 0 6.59389 3.7975 4 4 
237 44.603873 10.904920 6.17007 1 7.85673 37.57603 0 6.59389 3.7975 4 4 
238 44.654197 10.890697 6.17007 1 7.85673 37.57603 0 6.59389 3.7975 4 4 
239 44.650509 10.933601 6.17007 1 7.85673 37.57603 0 6.59389 3.7975 4 4 
240 44.540266 10.793640 2.18337 3 2.86092 12.87719 0 9.76457 7.3525 1 2 
241 44.628309 10.969620 2.18337 3 2.86092 12.87719 0 9.76457 7.3525 1 2 
242 44.881357 10.887794 6.17007 1 7.85673 37.57603 0 6.59389 3.7975 4 4 
243 44.635521 10.902887 6.17007 1 7.85673 37.57603 0 6.59389 3.7975 4 4 
244 44.635164 10.869587 1.26791 1 3.04286 21.33838 0 7.54948 3.3550 2 2 
245 44.647051 10.916171 1.61198 2 1.87511 14.73976 0 4.65248 5.3325 5 1 
246 44.619566 10.934006 1.61198 2 1.87511 14.73976 0 4.65248 5.3325 5 1 
247 44.310038 10.792578 6.17007 1 7.85673 37.57603 0 6.59389 3.7975 4 4 
248 44.709584 10.902220 0.71682 4 0.55814 11.9808 0 0.97351 9.3325 3 1 
249 44.602274 10.969724 1.26791 1 3.04286 21.33838 0 7.54948 3.3550 2 2 
250 44.632987 10.933990 6.17007 1 7.85673 37.57603 0 6.59389 3.7975 4 4 
251 44.638403 10.876708 1.26791 1 3.04286 21.33838 0 7.54948 3.3550 2 2 
252 44.655428 10.872448 1.26791 1 3.04286 21.33838 0 7.54948 3.3550 2 2 
253 44.646758 10.928595 1.26791 1 3.04286 21.33838 0 7.54948 3.3550 2 2 
254 44.659276 10.892642 1.26791 1 3.04286 21.33838 0 7.54948 3.3550 2 2 
255 44.612217 10.909517 0.71682 4 0.55814 11.9808 0 0.97351 9.3325 3 1 
256 44.635333 10.946670 1.61198 2 1.87511 14.73976 0 4.65248 5.3325 5 1 
257 44.646341 10.925073 6.17007 1 7.85673 37.57603 0 6.59389 3.7975 4 4 
258 44.623009 10.948569 2.18337 3 2.86092 12.87719 0 9.76457 7.3525 1 2 
259 44.678060 10.893056 6.17007 1 7.85673 37.57603 0 6.59389 3.7975 4 4 
260 44.647191 10.919890 1.61198 2 1.87511 14.73976 0 4.65248 5.3325 5 1 
261 44.675135 10.959429 0.71682 4 0.55814 11.9808 0 0.97351 9.3325 3 1 
262 44.723040 10.900088 6.17007 1 7.85673 37.57603 0 6.59389 3.7975 4 4 
263 44.645191 10.923256 0.71682 4 0.55814 11.9808 0 0.97351 9.3325 3 1 
264 44.645161 10.928992 1.61198 2 1.87511 14.73976 0 4.65248 5.3325 5 1 
265 44.843135 11.146038 6.17007 1 7.85673 37.57603 0 6.59389 3.7975 4 4 
266 44.643934 10.929792 6.17007 1 7.85673 37.57603 0 6.59389 3.7975 4 4 
267 44.661620 10.892461 6.17007 1 7.85673 37.57603 0 6.59389 3.7975 4 4 
268 44.639786 10.891890 1.26791 1 3.04286 21.33838 0 7.54948 3.3550 2 2 
269 44.523177 10.859042 0.71682 4 0.55814 11.9808 0 0.97351 9.3325 3 1 
270 44.643031 10.934915 2.18337 3 2.86092 12.87719 0 9.76457 7.3525 1 2 
271 44.661658 10.888580 2.18337 3 2.86092 12.87719 0 9.76457 7.3525 1 2 
272 44.634604 10.954887 1.26791 1 3.04286 21.33838 0 7.54948 3.3550 2 2 
273 44.636547 10.933714 6.17007 1 7.85673 37.57603 0 6.59389 3.7975 4 4 
274 44.662142 10.929289 1.61198 2 1.87511 14.73976 0 4.65248 5.3325 5 1 
275 44.628160 10.892855 6.17007 1 7.85673 37.57603 0 6.59389 3.7975 4 4 
276 44.657913 10.903107 6.17007 1 7.85673 37.57603 0 6.59389 3.7975 4 4 
277 44.643877 10.926382 2.18337 3 2.86092 12.87719 0 9.76457 7.3525 1 2 
278 44.632230 10.947447 2.18337 3 2.86092 12.87719 0 9.76457 7.3525 1 2 
279 44.637345 10.917497 6.17007 1 7.85673 37.57603 0 6.59389 3.7975 4 4 
280 44.637662 10.940099 6.17007 1 7.85673 37.57603 0 6.59389 3.7975 4 4 
281 44.639564 10.907711 0.71682 4 0.55814 11.9808 0 0.97351 9.3325 3 1 
282 44.668256 10.930643 1.61198 2 1.87511 14.73976 0 4.65248 5.3325 5 1 
283 44.645819 10.930726 6.17007 1 7.85673 37.57603 0 6.59389 3.7975 4 4 
284 44.530257 11.019961 0.71682 4 0.55814 11.9808 0 0.97351 9.3325 3 1 
285 44.646381 10.918656 0.71682 4 0.55814 11.9808 0 0.97351 9.3325 3 1 
286 44.661960 10.889476 2.18337 3 2.86092 12.87719 0 9.76457 7.3525 1 2 
287 44.629817 10.911359 1.61198 2 1.87511 14.73976 0 4.65248 5.3325 5 1 
288 44.634838 10.974548 2.18337 3 2.86092 12.87719 0 9.76457 7.3525 1 2 
289 44.621347 10.931603 6.17007 1 7.85673 37.57603 0 6.59389 3.7975 4 4 
290 44.595873 10.974174 0.71682 4 0.55814 11.9808 0 0.97351 9.3325 3 1 
291 44.654282 10.920075 6.17007 1 7.85673 37.57603 0 6.59389 3.7975 4 4 
292 44.645864 10.922327 2.18337 3 2.86092 12.87719 0 9.76457 7.3525 1 2 
293 44.643803 10.890940 6.17007 1 7.85673 37.57603 0 6.59389 3.7975 4 4 
294 44.664204 10.974826 6.17007 1 7.85673 37.57603 0 6.59389 3.7975 4 4 
295 44.626551 10.943452 1.61198 2 1.87511 14.73976 0 4.65248 5.3325 5 1 
296 44.622090 10.926164 1.26791 1 3.04286 21.33838 0 7.54948 3.3550 2 2 
297 44.634954 10.894250 0.71682 4 0.55814 11.9808 0 0.97351 9.3325 3 1 
298 44.641216 10.943818 2.18337 3 2.86092 12.87719 0 9.76457 7.3525 1 2 
299 44.706670 11.104341 0.71682 4 0.55814 11.9808 0 0.97351 9.3325 3 1 
300 44.647839 10.924372 6.17007 1 7.85673 37.57603 0 6.59389 3.7975 4 4 
301 44.645533 10.972414 1.61198 2 1.87511 14.73976 0 4.65248 5.3325 5 1 
302 44.661757 10.893162 6.17007 1 7.85673 37.57603 0 6.59389 3.7975 4 4 
303 44.656795 10.914978 2.18337 3 2.86092 12.87719 0 9.76457 7.3525 1 2 
304 44.671481 10.894920 0.71682 4 0.55814 11.9808 0 0.97351 9.3325 3 1 
305 44.662918 10.925206 6.17007 1 7.85673 37.57603 0 6.59389 3.7975 4 4 
306 44.646286 10.850892 2.18337 3 2.86092 12.87719 0 9.76457 7.3525 1 2 
307 44.640937 10.861207 2.18337 3 2.86092 12.87719 0 9.76457 7.3525 1 2 
308 44.369246 10.661461 2.18337 3 2.86092 12.87719 0 9.76457 7.3525 1 2 
309 44.642490 10.932997 0.71682 4 0.55814 11.9808 0 0.97351 9.3325 3 1 
310 44.649393 10.924580 0.71682 4 0.55814 11.9808 0 0.97351 9.3325 3 1 
311 44.595794 10.929986 2.18337 3 2.86092 12.87719 0 9.76457 7.3525 1 2 
312 44.639989 10.926191 1.61198 2 1.87511 14.73976 0 4.65248 5.3325 5 1 
313 44.644858 10.933528 2.18337 3 2.86092 12.87719 0 9.76457 7.3525 1 2 
314 44.643318 10.940758 1.61198 2 1.87511 14.73976 0 4.65248 5.3325 5 1 
315 44.641756 10.899191 6.17007 1 7.85673 37.57603 0 6.59389 3.7975 4 4 
316 44.646601 10.855335 0.71682 4 0.55814 11.9808 0 0.97351 9.3325 3 1 
317 44.836883 11.299507 2.18337 3 2.86092 12.87719 0 9.76457 7.3525 1 2 
318 44.658186 10.902136 6.17007 1 7.85673 37.57603 0 6.59389 3.7975 4 4 
319 44.642101 10.913961 0.71682 4 0.55814 11.9808 0 0.97351 9.3325 3 1 
320 44.649250 10.925743 0.71682 4 0.55814 11.9808 0 0.97351 9.3325 3 1 
321 44.633559 10.959935 6.17007 1 7.85673 37.57603 0 6.59389 3.7975 4 4 
322 44.887139 11.065114 6.17007 1 7.85673 37.57603 0 6.59389 3.7975 4 4 
323 44.660254 10.883688 6.17007 1 7.85673 37.57603 0 6.59389 3.7975 4 4 
324 44.676294 10.934989 0.71682 4 0.55814 11.9808 0 0.97351 9.3325 3 1 
325 44.638372 10.920484 1.26791 1 3.04286 21.33838 0 7.54948 3.3550 2 2 
326 44.598609 10.959842 0.71682 4 0.55814 11.9808 0 0.97351 9.3325 3 1 
327 44.650799 10.802457 0.71682 4 0.55814 11.9808 0 0.97351 9.3325 3 1 
328 44.637372 10.797124 6.17007 1 7.85673 37.57603 0 6.59389 3.7975 4 4 
329 44.657234 10.864061 1.26791 1 3.04286 21.33838 0 7.54948 3.3550 2 2 
330 44.632161 10.795203 2.18337 3 2.86092 12.87719 0 9.76457 7.3525 1 2 
331 44.605376 10.997620 6.17007 1 7.85673 37.57603 0 6.59389 3.7975 4 4 
332 44.641108 10.804805 2.18337 3 2.86092 12.87719 0 9.76457 7.3525 1 2 
333 44.640743 10.908169 6.17007 1 7.85673 37.57603 0 6.59389 3.7975 4 4 
334 44.603635 10.863614 0.71682 4 0.55814 11.9808 0 0.97351 9.3325 3 1 
335 44.660671 10.960148 2.18337 3 2.86092 12.87719 0 9.76457 7.3525 1 2 
336 44.653991 10.914715 6.17007 1 7.85673 37.57603 0 6.59389 3.7975 4 4 
337 44.646504 10.840999 2.18337 3 2.86092 12.87719 0 9.76457 7.3525 1 2 
338 44.665161 10.855601 0.71682 4 0.55814 11.9808 0 0.97351 9.3325 3 1 
339 44.640316 10.972176 1.26791 1 3.04286 21.33838 0 7.54948 3.3550 2 2 
340 44.611956 10.890166 1.61198 2 1.87511 14.73976 0 4.65248 5.3325 5 1 
341 44.654678 10.942877 2.18337 3 2.86092 12.87719 0 9.76457 7.3525 1 2 
342 44.645480 10.924387 1.26791 1 3.04286 21.33838 0 7.54948 3.3550 2 2 
343 44.659551 10.898291 6.17007 1 7.85673 37.57603 0 6.59389 3.7975 4 4 
344 44.621395 10.917592 0.71682 4 0.55814 11.9808 0 0.97351 9.3325 3 1 
345 44.658013 10.947920 1.26791 1 3.04286 21.33838 0 7.54948 3.3550 2 2 
346 44.642258 10.911866 0.71682 4 0.55814 11.9808 0 0.97351 9.3325 3 1 
347 44.635945 10.948656 1.26791 1 3.04286 21.33838 0 7.54948 3.3550 2 2 
348 44.657915 10.914884 0.71682 4 0.55814 11.9808 0 0.97351 9.3325 3 1 
349 44.624450 10.911829 1.26791 1 3.04286 21.33838 0 7.54948 3.3550 2 2 
350 44.636898 10.955762 6.17007 1 7.85673 37.57603 0 6.59389 3.7975 4 4 
351 44.627781 10.934815 6.17007 1 7.85673 37.57603 0 6.59389 3.7975 4 4 
352 44.600898 10.981489 0.71682 4 0.55814 11.9808 0 0.97351 9.3325 3 1 
353 44.517551 10.859047 1.61198 2 1.87511 14.73976 0 4.65248 5.3325 5 1 
354 44.651619 10.804524 1.61198 2 1.87511 14.73976 0 4.65248 5.3325 5 1 
355 44.624900 10.898891 1.61198 2 1.87511 14.73976 0 4.65248 5.3325 5 1 
356 44.688732 10.921788 2.18337 3 2.86092 12.87719 0 9.76457 7.3525 1 2 
357 44.623420 10.916989 1.26791 1 3.04286 21.33838 0 7.54948 3.3550 2 2 
358 44.626591 10.919601 0.71682 4 0.55814 11.9808 0 0.97351 9.3325 3 1 
359 44.580577 10.939358 1.61198 2 1.87511 14.73976 0 4.65248 5.3325 5 1 
360 44.579737 10.841449 0.71682 4 0.55814 11.9808 0 0.97351 9.3325 3 1 
361 44.662299 10.963512 1.26791 1 3.04286 21.33838 0 7.54948 3.3550 2 2 
362 44.638479 10.957922 2.18337 3 2.86092 12.87719 0 9.76457 7.3525 1 2 
363 44.638193 10.949588 0.71682 4 0.55814 11.9808 0 0.97351 9.3325 3 1 
364 44.659824 10.910984 6.17007 1 7.85673 37.57603 0 6.59389 3.7975 4 4 
365 44.619807 10.930975 2.18337 3 2.86092 12.87719 0 9.76457 7.3525 1 2 
366 44.643665 10.903189 2.18337 3 2.86092 12.87719 0 9.76457 7.3525 1 2 
367 44.651868 10.919224 1.61198 2 1.87511 14.73976 0 4.65248 5.3325 5 1 
368 44.628088 10.916608 1.26791 1 3.04286 21.33838 0 7.54948 3.3550 2 2 
369 44.647459 10.922236 2.18337 3 2.86092 12.87719 0 9.76457 7.3525 1 2 
370 44.626559 10.927149 0.71682 4 0.55814 11.9808 0 0.97351 9.3325 3 1 
371 44.636656 10.874929 1.61198 2 1.87511 14.73976 0 4.65248 5.3325 5 1 
372 44.606329 10.970405 0.71682 4 0.55814 11.9808 0 0.97351 9.3325 3 1 
373 44.614015 10.951830 0.71682 4 0.55814 11.9808 0 0.97351 9.3325 3 1 
374 44.747142 10.976170 1.61198 2 1.87511 14.73976 0 4.65248 5.3325 5 1 
375 44.600043 10.971707 2.18337 3 2.86092 12.87719 0 9.76457 7.3525 1 2 
376 44.647162 10.927196 1.26791 1 3.04286 21.33838 0 7.54948 3.3550 2 2 
377 44.624878 10.930252 6.17007 1 7.85673 37.57603 0 6.59389 3.7975 4 4 
378 44.656419 10.909598 1.61198 2 1.87511 14.73976 0 4.65248 5.3325 5 1 
379 44.628273 10.918385 6.17007 1 7.85673 37.57603 0 6.59389 3.7975 4 4 
380 44.882211 11.059934 1.26791 1 3.04286 21.33838 0 7.54948 3.3550 2 2 
381 44.683930 10.869963 6.17007 1 7.85673 37.57603 0 6.59389 3.7975 4 4 
382 44.629552 10.902643 6.17007 1 7.85673 37.57603 0 6.59389 3.7975 4 4 
383 44.634261 10.870183 1.26791 1 3.04286 21.33838 0 7.54948 3.3550 2 2 
384 44.616847 10.909007 1.61198 2 1.87511 14.73976 0 4.65248 5.3325 5 1 
385 44.641356 10.929899 2.18337 3 2.86092 12.87719 0 9.76457 7.3525 1 2 
386 44.675603 11.016675 0.71682 4 0.55814 11.9808 0 0.97351 9.3325 3 1 
387 44.679100 11.030249 0.71682 4 0.55814 11.9808 0 0.97351 9.3325 3 1 
388 44.651670 10.894234 1.61198 2 1.87511 14.73976 0 4.65248 5.3325 5 1 
389 44.641509 10.901891 1.61198 2 1.87511 14.73976 0 4.65248 5.3325 5 1 
390 44.645862 10.943654 2.18337 3 2.86092 12.87719 0 9.76457 7.3525 1 2 
391 44.638668 10.897724 2.18337 3 2.86092 12.87719 0 9.76457 7.3525 1 2 
392 44.646353 10.922097 0.71682 4 0.55814 11.9808 0 0.97351 9.3325 3 1 
393 44.647028 10.899999 1.26791 1 3.04286 21.33838 0 7.54948 3.3550 2 2 
394 44.643713 10.893185 2.18337 3 2.86092 12.87719 0 9.76457 7.3525 1 2 
395 44.640370 10.942235 0.71682 4 0.55814 11.9808 0 0.97351 9.3325 3 1 
396 44.656842 10.944167 1.61198 2 1.87511 14.73976 0 4.65248 5.3325 5 1 
397 44.630360 10.921717 6.17007 1 7.85673 37.57603 0 6.59389 3.7975 4 4 
398 44.656819 10.911915 1.61198 2 1.87511 14.73976 0 4.65248 5.3325 5 1 
399 44.634377 10.894371 6.17007 1 7.85673 37.57603 0 6.59389 3.7975 4 4 
400 44.627169 10.922451 6.17007 1 7.85673 37.57603 0 6.59389 3.7975 4 4 
401 44.839309 11.305532 0.71682 4 0.55814 11.9808 0 0.97351 9.3325 3 1 
402 44.622959 10.928795 1.26791 1 3.04286 21.33838 0 7.54948 3.3550 2 2 
403 44.689256 10.920358 1.61198 2 1.87511 14.73976 0 4.65248 5.3325 5 1 
404 44.626159 10.928194 6.17007 1 7.85673 37.57603 0 6.59389 3.7975 4 4 
405 44.645292 10.941505 6.17007 1 7.85673 37.57603 0 6.59389 3.7975 4 4 
406 44.652905 10.932157 6.17007 1 7.85673 37.57603 0 6.59389 3.7975 4 4 
407 44.664070 10.922878 0.71682 4 0.55814 11.9808 0 0.97351 9.3325 3 1 
408 44.652963 10.941439 2.18337 3 2.86092 12.87719 0 9.76457 7.3525 1 2 
409 44.661399 10.965329 2.18337 3 2.86092 12.87719 0 9.76457 7.3525 1 2 
410 44.653388 10.940172 2.18337 3 2.86092 12.87719 0 9.76457 7.3525 1 2 
411 44.613206 10.846712 1.26791 1 3.04286 21.33838 0 7.54948 3.3550 2 2 
412 44.636715 10.935783 2.18337 3 2.86092 12.87719 0 9.76457 7.3525 1 2 
413 44.628203 10.940386 1.26791 1 3.04286 21.33838 0 7.54948 3.3550 2 2 
414 44.555647 10.793730 0.71682 4 0.55814 11.9808 0 0.97351 9.3325 3 1 
415 44.622406 10.890925 6.17007 1 7.85673 37.57603 0 6.59389 3.7975 4 4 
416 44.633486 10.917572 2.18337 3 2.86092 12.87719 0 9.76457 7.3525 1 2 
417 44.646389 10.918171 1.26791 1 3.04286 21.33838 0 7.54948 3.3550 2 2 
418 44.657019 10.893371 1.61198 2 1.87511 14.73976 0 4.65248 5.3325 5 1 
419 44.636704 10.936763 1.61198 2 1.87511 14.73976 0 4.65248 5.3325 5 1 
420 44.659895 10.899966 0.71682 4 0.55814 11.9808 0 0.97351 9.3325 3 1 
421 44.640218 10.913038 6.17007 1 7.85673 37.57603 0 6.59389 3.7975 4 4 
422 44.639584 10.954861 0.71682 4 0.55814 11.9808 0 0.97351 9.3325 3 1 
423 44.631654 10.918496 1.61198 2 1.87511 14.73976 0 4.65248 5.3325 5 1 
424 44.658759 10.903604 6.17007 1 7.85673 37.57603 0 6.59389 3.7975 4 4 
425 44.656001 10.892861 1.26791 1 3.04286 21.33838 0 7.54948 3.3550 2 2 
426 44.831965 11.292386 0.71682 4 0.55814 11.9808 0 0.97351 9.3325 3 1 
427 44.874220 11.131523 2.18337 3 2.86092 12.87719 0 9.76457 7.3525 1 2 
428 44.600294 10.976759 1.26791 1 3.04286 21.33838 0 7.54948 3.3550 2 2 
429 44.619935 10.923400 1.61198 2 1.87511 14.73976 0 4.65248 5.3325 5 1 
430 44.649567 10.901025 1.26791 1 3.04286 21.33838 0 7.54948 3.3550 2 2 
431 44.650847 10.960200 1.61198 2 1.87511 14.73976 0 4.65248 5.3325 5 1 
432 44.662057 10.942532 6.17007 1 7.85673 37.57603 0 6.59389 3.7975 4 4 
433 44.659639 10.875012 2.18337 3 2.86092 12.87719 0 9.76457 7.3525 1 2 
434 44.638905 10.945953 1.26791 1 3.04286 21.33838 0 7.54948 3.3550 2 2 
435 44.660299 10.894826 1.26791 1 3.04286 21.33838 0 7.54948 3.3550 2 2 
436 44.657512 10.889531 1.26791 1 3.04286 21.33838 0 7.54948 3.3550 2 2 
437 44.658364 10.903374 6.17007 1 7.85673 37.57603 0 6.59389 3.7975 4 4 
438 44.808582 10.837993 0.71682 4 0.55814 11.9808 0 0.97351 9.3325 3 1 
439 44.630057 10.914521 2.18337 3 2.86092 12.87719 0 9.76457 7.3525 1 2 
440 44.629683 10.924988 0.71682 4 0.55814 11.9808 0 0.97351 9.3325 3 1 
441 44.635215 10.970154 1.26791 1 3.04286 21.33838 0 7.54948 3.3550 2 2 
442 44.608845 10.865446 6.17007 1 7.85673 37.57603 0 6.59389 3.7975 4 4 
443 44.560000 11.026496 0.71682 4 0.55814 11.9808 0 0.97351 9.3325 3 1 
444 44.658690 10.932794 0.71682 4 0.55814 11.9808 0 0.97351 9.3325 3 1 
445 44.637135 10.912478 2.18337 3 2.86092 12.87719 0 9.76457 7.3525 1 2 
446 44.877803 11.073044 6.17007 1 7.85673 37.57603 0 6.59389 3.7975 4 4 
447 44.654331 10.881274 0.71682 4 0.55814 11.9808 0 0.97351 9.3325 3 1 
448 44.636749 10.932037 2.18337 3 2.86092 12.87719 0 9.76457 7.3525 1 2 
449 44.650747 10.897213 1.26791 1 3.04286 21.33838 0 7.54948 3.3550 2 2 
450 44.635689 10.913056 6.17007 1 7.85673 37.57603 0 6.59389 3.7975 4 4 
451 44.655725 10.924865 1.61198 2 1.87511 14.73976 0 4.65248 5.3325 5 1 
452 44.659895 10.899966 1.26791 1 3.04286 21.33838 0 7.54948 3.3550 2 2 
453 44.653254 10.932656 1.61198 2 1.87511 14.73976 0 4.65248 5.3325 5 1 
454 44.670308 11.043170 6.17007 1 7.85673 37.57603 0 6.59389 3.7975 4 4 
455 44.636439 10.950364 1.61198 2 1.87511 14.73976 0 4.65248 5.3325 5 1 
456 44.643300 10.920191 1.26791 1 3.04286 21.33838 0 7.54948 3.3550 2 2 
457 44.691359 10.846343 0.71682 4 0.55814 11.9808 0 0.97351 9.3325 3 1 
458 44.627167 10.952076 1.61198 2 1.87511 14.73976 0 4.65248 5.3325 5 1 
459 44.688568 10.916532 1.61198 2 1.87511 14.73976 0 4.65248 5.3325 5 1 
460 44.656430 10.935697 1.61198 2 1.87511 14.73976 0 4.65248 5.3325 5 1 
461 44.641647 10.957794 1.26791 1 3.04286 21.33838 0 7.54948 3.3550 2 2 
462 44.594598 10.958338 0.71682 4 0.55814 11.9808 0 0.97351 9.3325 3 1 
463 44.693870 10.965992 1.61198 2 1.87511 14.73976 0 4.65248 5.3325 5 1 
464 44.653310 10.921860 2.18337 3 2.86092 12.87719 0 9.76457 7.3525 1 2 
465 44.634501 10.918805 2.18337 3 2.86092 12.87719 0 9.76457 7.3525 1 2 
466 44.626534 10.941492 6.17007 1 7.85673 37.57603 0 6.59389 3.7975 4 4 
467 44.562515 10.846061 1.26791 1 3.04286 21.33838 0 7.54948 3.3550 2 2 
468 44.726204 11.040994 1.26791 1 3.04286 21.33838 0 7.54948 3.3550 2 2 
469 44.536092 10.785718 2.18337 3 2.86092 12.87719 0 9.76457 7.3525 1 2 
470 44.645877 10.928974 0.71682 4 0.55814 11.9808 0 0.97351 9.3325 3 1 
471 44.632991 10.950615 1.61198 2 1.87511 14.73976 0 4.65248 5.3325 5 1 
472 44.633702 10.918978 1.61198 2 1.87511 14.73976 0 4.65248 5.3325 5 1 
473 44.695732 10.985324 0.71682 4 0.55814 11.9808 0 0.97351 9.3325 3 1 
474 44.661768 10.943031 2.18337 3 2.86092 12.87719 0 9.76457 7.3525 1 2 
475 44.649759 10.900387 2.18337 3 2.86092 12.87719 0 9.76457 7.3525 1 2 
476 44.645606 10.841911 1.26791 1 3.04286 21.33838 0 7.54948 3.3550 2 2 
477 44.646676 10.924996 2.18337 3 2.86092 12.87719 0 9.76457 7.3525 1 2 
478 44.645684 10.913780 0.71682 4 0.55814 11.9808 0 0.97351 9.3325 3 1 
479 44.620544 10.884007 2.18337 3 2.86092 12.87719 0 9.76457 7.3525 1 2 
480 44.849458 11.207727 2.18337 3 2.86092 12.87719 0 9.76457 7.3525 1 2 
481 44.629604 10.975063 1.61198 2 1.87511 14.73976 0 4.65248 5.3325 5 1 
482 44.350279 10.570652 2.18337 3 2.86092 12.87719 0 9.76457 7.3525 1 2 
483 44.654831 10.929634 0.71682 4 0.55814 11.9808 0 0.97351 9.3325 3 1 
484 44.673515 11.012144 0.71682 4 0.55814 11.9808 0 0.97351 9.3325 3 1 
485 44.593203 10.947346 6.17007 1 7.85673 37.57603 0 6.59389 3.7975 4 4 
486 44.646258 10.920909 6.17007 1 7.85673 37.57603 0 6.59389 3.7975 4 4 
487 44.613327 10.938955 2.18337 3 2.86092 12.87719 0 9.76457 7.3525 1 2 
488 44.648069 10.922534 1.26791 1 3.04286 21.33838 0 7.54948 3.3550 2 2 
489 44.643061 10.886084 1.26791 1 3.04286 21.33838 0 7.54948 3.3550 2 2 
490 44.231260 10.653671 6.17007 1 7.85673 37.57603 0 6.59389 3.7975 4 4 
491 44.661757 10.893162 1.61198 2 1.87511 14.73976 0 4.65248 5.3325 5 1 
492 44.650462 10.919184 6.17007 1 7.85673 37.57603 0 6.59389 3.7975 4 4 
493 44.530164 10.863294 1.26791 1 3.04286 21.33838 0 7.54948 3.3550 2 2 
494 44.623070 10.913917 6.17007 1 7.85673 37.57603 0 6.59389 3.7975 4 4 
495 44.690262 10.969892 1.61198 2 1.87511 14.73976 0 4.65248 5.3325 5 1 
496 44.620976 10.920928 0.71682 4 0.55814 11.9808 0 0.97351 9.3325 3 1 
497 44.636922 10.972156 6.17007 1 7.85673 37.57603 0 6.59389 3.7975 4 4 
498 44.647465 10.926259 6.17007 1 7.85673 37.57603 0 6.59389 3.7975 4 4 
499 44.661734 10.894775 2.18337 3 2.86092 12.87719 0 9.76457 7.3525 1 2 
500 44.578293 10.842339 0.71682 4 0.55814 11.9808 0 0.97351 9.3325 3 1 
501 44.884469 11.059152 1.61198 2 1.87511 14.73976 0 4.65248 5.3325 5 1 
502 44.641623 10.913198 1.61198 2 1.87511 14.73976 0 4.65248 5.3325 5 1 
503 44.710831 10.893089 2.18337 3 2.86092 12.87719 0 9.76457 7.3525 1 2 
504 44.634045 10.937597 1.61198 2 1.87511 14.73976 0 4.65248 5.3325 5 1 
505 44.630149 10.923425 2.18337 3 2.86092 12.87719 0 9.76457 7.3525 1 2 
506 44.574655 10.851296 2.18337 3 2.86092 12.87719 0 9.76457 7.3525 1 2 
507 44.620512 10.912136 0.71682 4 0.55814 11.9808 0 0.97351 9.3325 3 1 
508 44.649967 10.907460 0.71682 4 0.55814 11.9808 0 0.97351 9.3325 3 1 
509 44.651057 10.936047 2.18337 3 2.86092 12.87719 0 9.76457 7.3525 1 2 
510 44.632033 10.921797 1.61198 2 1.87511 14.73976 0 4.65248 5.3325 5 1 
511 44.637525 10.928231 1.61198 2 1.87511 14.73976 0 4.65248 5.3325 5 1 
512 44.542617 10.943059 1.26791 1 3.04286 21.33838 0 7.54948 3.3550 2 2 
513 44.667212 10.938491 0.71682 4 0.55814 11.9808 0 0.97351 9.3325 3 1 
514 44.658389 10.930665 2.18337 3 2.86092 12.87719 0 9.76457 7.3525 1 2 
515 44.639677 10.958649 1.26791 1 3.04286 21.33838 0 7.54948 3.3550 2 2 
516 44.652534 10.931085 0.71682 4 0.55814 11.9808 0 0.97351 9.3325 3 1 
517 44.655052 10.895586 1.26791 1 3.04286 21.33838 0 7.54948 3.3550 2 2 
518 44.857534 11.205391 0.71682 4 0.55814 11.9808 0 0.97351 9.3325 3 1 
519 44.669187 10.901785 2.18337 3 2.86092 12.87719 0 9.76457 7.3525 1 2 
520 44.637011 10.903547 1.26791 1 3.04286 21.33838 0 7.54948 3.3550 2 2 
521 44.638285 10.894099 0.71682 4 0.55814 11.9808 0 0.97351 9.3325 3 1 
522 44.500456 11.021603 0.71682 4 0.55814 11.9808 0 0.97351 9.3325 3 1 
523 44.641964 10.923701 1.26791 1 3.04286 21.33838 0 7.54948 3.3550 2 2 
524 44.624223 10.973547 1.61198 2 1.87511 14.73976 0 4.65248 5.3325 5 1 
525 44.634406 10.975937 2.18337 3 2.86092 12.87719 0 9.76457 7.3525 1 2 
526 44.580871 10.919996 0.71682 4 0.55814 11.9808 0 0.97351 9.3325 3 1 
527 44.636391 10.935298 6.17007 1 7.85673 37.57603 0 6.59389 3.7975 4 4 
528 44.653016 10.926072 6.17007 1 7.85673 37.57603 0 6.59389 3.7975 4 4 
529 44.637602 10.909784 1.61198 2 1.87511 14.73976 0 4.65248 5.3325 5 1 
530 44.647346 10.929423 6.17007 1 7.85673 37.57603 0 6.59389 3.7975 4 4 
531 44.657133 10.901686 1.26791 1 3.04286 21.33838 0 7.54948 3.3550 2 2 
532 44.696272 10.917355 6.17007 1 7.85673 37.57603 0 6.59389 3.7975 4 4 
533 44.631904 10.899614 1.26791 1 3.04286 21.33838 0 7.54948 3.3550 2 2 
534 44.621012 10.917444 6.17007 1 7.85673 37.57603 0 6.59389 3.7975 4 4 
535 44.642964 10.898701 1.26791 1 3.04286 21.33838 0 7.54948 3.3550 2 2 
536 44.611158 10.892885 1.26791 1 3.04286 21.33838 0 7.54948 3.3550 2 2 
537 44.644965 10.924770 6.17007 1 7.85673 37.57603 0 6.59389 3.7975 4 4 
538 44.643622 10.924285 6.17007 1 7.85673 37.57603 0 6.59389 3.7975 4 4 
539 44.549662 10.933736 2.18337 3 2.86092 12.87719 0 9.76457 7.3525 1 2 
540 44.604908 10.864639 6.17007 1 7.85673 37.57603 0 6.59389 3.7975 4 4 
541 44.628366 10.833977 0.71682 4 0.55814 11.9808 0 0.97351 9.3325 3 1 
542 44.675251 11.032612 0.71682 4 0.55814 11.9808 0 0.97351 9.3325 3 1 
543 44.667786 10.937702 1.61198 2 1.87511 14.73976 0 4.65248 5.3325 5 1 
544 44.644582 10.916699 1.61198 2 1.87511 14.73976 0 4.65248 5.3325 5 1 
545 44.684926 10.967801 1.26791 1 3.04286 21.33838 0 7.54948 3.3550 2 2 
546 44.644519 10.923326 1.61198 2 1.87511 14.73976 0 4.65248 5.3325 5 1 
547 44.704257 10.946627 2.18337 3 2.86092 12.87719 0 9.76457 7.3525 1 2 
548 44.643125 10.923329 1.61198 2 1.87511 14.73976 0 4.65248 5.3325 5 1 
549 44.644201 10.921690 2.18337 3 2.86092 12.87719 0 9.76457 7.3525 1 2 
550 44.634073 10.933342 1.26791 1 3.04286 21.33838 0 7.54948 3.3550 2 2 
551 44.653741 10.915598 6.17007 1 7.85673 37.57603 0 6.59389 3.7975 4 4 
552 44.632720 10.904139 2.18337 3 2.86092 12.87719 0 9.76457 7.3525 1 2 
553 44.621414 10.938813 0.71682 4 0.55814 11.9808 0 0.97351 9.3325 3 1 
554 44.650637 10.954982 0.71682 4 0.55814 11.9808 0 0.97351 9.3325 3 1 
555 44.667430 10.911528 6.17007 1 7.85673 37.57603 0 6.59389 3.7975 4 4 
556 44.632796 10.961863 1.61198 2 1.87511 14.73976 0 4.65248 5.3325 5 1 
557 44.639686 10.959344 0.71682 4 0.55814 11.9808 0 0.97351 9.3325 3 1 
558 44.646389 10.918171 2.18337 3 2.86092 12.87719 0 9.76457 7.3525 1 2 
559 44.642272 10.911903 6.17007 1 7.85673 37.57603 0 6.59389 3.7975 4 4 
560 44.631749 10.916527 1.61198 2 1.87511 14.73976 0 4.65248 5.3325 5 1 
561 44.617164 10.871696 1.61198 2 1.87511 14.73976 0 4.65248 5.3325 5 1 
562 44.654557 10.914575 1.26791 1 3.04286 21.33838 0 7.54948 3.3550 2 2 
563 44.788902 11.135891 1.61198 2 1.87511 14.73976 0 4.65248 5.3325 5 1 
564 44.643971 10.898794 1.26791 1 3.04286 21.33838 0 7.54948 3.3550 2 2 
565 44.899278 11.064949 1.61198 2 1.87511 14.73976 0 4.65248 5.3325 5 1 
566 44.617010 10.924227 1.61198 2 1.87511 14.73976 0 4.65248 5.3325 5 1 
567 44.643308 10.929525 1.26791 1 3.04286 21.33838 0 7.54948 3.3550 2 2 
568 44.654628 10.929789 6.17007 1 7.85673 37.57603 0 6.59389 3.7975 4 4 
569 44.639516 10.937508 1.61198 2 1.87511 14.73976 0 4.65248 5.3325 5 1 
570 44.606553 10.863299 1.61198 2 1.87511 14.73976 0 4.65248 5.3325 5 1 
571 44.651742 10.927013 1.61198 2 1.87511 14.73976 0 4.65248 5.3325 5 1 
572 44.655270 10.962604 0.71682 4 0.55814 11.9808 0 0.97351 9.3325 3 1 
573 44.628194 10.942825 1.61198 2 1.87511 14.73976 0 4.65248 5.3325 5 1 
574 44.653356 10.916260 6.17007 1 7.85673 37.57603 0 6.59389 3.7975 4 4 
575 44.640399 10.963117 0.71682 4 0.55814 11.9808 0 0.97351 9.3325 3 1 
576 44.643971 10.931975 1.61198 2 1.87511 14.73976 0 4.65248 5.3325 5 1 
577 44.603614 10.968888 1.26791 1 3.04286 21.33838 0 7.54948 3.3550 2 2 
578 44.641140 10.967674 1.61198 2 1.87511 14.73976 0 4.65248 5.3325 5 1 
579 44.650909 10.902984 2.18337 3 2.86092 12.87719 0 9.76457 7.3525 1 2 
580 44.647224 10.937482 0.71682 4 0.55814 11.9808 0 0.97351 9.3325 3 1 
581 44.578913 10.938206 2.18337 3 2.86092 12.87719 0 9.76457 7.3525 1 2 
582 44.666988 10.913848 2.18337 3 2.86092 12.87719 0 9.76457 7.3525 1 2 
583 44.629040 10.975422 1.61198 2 1.87511 14.73976 0 4.65248 5.3325 5 1 
584 44.627388 10.947458 0.71682 4 0.55814 11.9808 0 0.97351 9.3325 3 1 
585 44.585900 10.971445 6.17007 1 7.85673 37.57603 0 6.59389 3.7975 4 4 
586 44.627402 10.891416 6.17007 1 7.85673 37.57603 0 6.59389 3.7975 4 4 
587 44.628293 10.922684 1.26791 1 3.04286 21.33838 0 7.54948 3.3550 2 2 
588 44.850090 11.065451 6.17007 1 7.85673 37.57603 0 6.59389 3.7975 4 4 
589 44.585973 10.971270 2.18337 3 2.86092 12.87719 0 9.76457 7.3525 1 2 
590 44.670502 10.934840 0.71682 4 0.55814 11.9808 0 0.97351 9.3325 3 1 
591 44.662205 10.929626 2.18337 3 2.86092 12.87719 0 9.76457 7.3525 1 2 
592 44.653078 10.913648 1.61198 2 1.87511 14.73976 0 4.65248 5.3325 5 1 
593 44.591613 10.957505 2.18337 3 2.86092 12.87719 0 9.76457 7.3525 1 2 
594 44.714071 10.898405 1.26791 1 3.04286 21.33838 0 7.54948 3.3550 2 2 
595 44.647058 10.842760 2.18337 3 2.86092 12.87719 0 9.76457 7.3525 1 2 
596 44.615921 10.927205 6.17007 1 7.85673 37.57603 0 6.59389 3.7975 4 4 
597 44.636657 10.910483 2.18337 3 2.86092 12.87719 0 9.76457 7.3525 1 2 
598 44.601415 10.977811 6.17007 1 7.85673 37.57603 0 6.59389 3.7975 4 4 
599 44.602597 10.971684 1.26791 1 3.04286 21.33838 0 7.54948 3.3550 2 2 
600 44.627301 10.903417 1.26791 1 3.04286 21.33838 0 7.54948 3.3550 2 2 
601 44.641374 10.919607 0.71682 4 0.55814 11.9808 0 0.97351 9.3325 3 1 
602 44.651426 10.931734 0.71682 4 0.55814 11.9808 0 0.97351 9.3325 3 1 
603 44.640750 10.819774 1.61198 2 1.87511 14.73976 0 4.65248 5.3325 5 1 
604 44.630928 10.901713 1.61198 2 1.87511 14.73976 0 4.65248 5.3325 5 1 
605 44.659224 10.892006 2.18337 3 2.86092 12.87719 0 9.76457 7.3525 1 2 
606 44.602907 10.970402 1.61198 2 1.87511 14.73976 0 4.65248 5.3325 5 1 
607 44.657704 10.913445 0.71682 4 0.55814 11.9808 0 0.97351 9.3325 3 1 
608 44.885152 11.052974 1.61198 2 1.87511 14.73976 0 4.65248 5.3325 5 1 
609 44.635985 10.956004 6.17007 1 7.85673 37.57603 0 6.59389 3.7975 4 4 
610 44.638667 10.931792 1.61198 2 1.87511 14.73976 0 4.65248 5.3325 5 1 
611 44.638321 10.908776 1.61198 2 1.87511 14.73976 0 4.65248 5.3325 5 1 
612 44.730828 10.925050 2.18337 3 2.86092 12.87719 0 9.76457 7.3525 1 2 
613 44.641862 10.832317 1.61198 2 1.87511 14.73976 0 4.65248 5.3325 5 1 
614 44.595792 10.973233 2.18337 3 2.86092 12.87719 0 9.76457 7.3525 1 2 
615 44.586460 10.971802 6.17007 1 7.85673 37.57603 0 6.59389 3.7975 4 4 
616 44.547036 10.791965 1.61198 2 1.87511 14.73976 0 4.65248 5.3325 5 1 
617 44.599069 10.980159 1.61198 2 1.87511 14.73976 0 4.65248 5.3325 5 1 
618 44.601714 10.971095 2.18337 3 2.86092 12.87719 0 9.76457 7.3525 1 2 
619 44.635966 10.934109 2.18337 3 2.86092 12.87719 0 9.76457 7.3525 1 2 
620 44.543522 10.781224 1.26791 1 3.04286 21.33838 0 7.54948 3.3550 2 2 
621 44.527046 10.874341 0.71682 4 0.55814 11.9808 0 0.97351 9.3325 3 1 
622 44.628281 10.896484 6.17007 1 7.85673 37.57603 0 6.59389 3.7975 4 4 
623 44.630239 10.974414 1.61198 2 1.87511 14.73976 0 4.65248 5.3325 5 1 
624 44.537016 10.791756 1.26791 1 3.04286 21.33838 0 7.54948 3.3550 2 2 
625 44.657216 10.932591 1.26791 1 3.04286 21.33838 0 7.54948 3.3550 2 2 
626 44.657566 10.902329 1.26791 1 3.04286 21.33838 0 7.54948 3.3550 2 2 
627 44.631288 10.903670 2.18337 3 2.86092 12.87719 0 9.76457 7.3525 1 2 
628 44.627062 10.918328 0.71682 4 0.55814 11.9808 0 0.97351 9.3325 3 1 
629 44.630385 10.922742 1.61198 2 1.87511 14.73976 0 4.65248 5.3325 5 1 
630 44.576465 10.839595 1.26791 1 3.04286 21.33838 0 7.54948 3.3550 2 2 
631 44.668651 10.933893 2.18337 3 2.86092 12.87719 0 9.76457 7.3525 1 2 
632 44.645988 10.925689 1.26791 1 3.04286 21.33838 0 7.54948 3.3550 2 2 
633 44.609512 10.989024 1.26791 1 3.04286 21.33838 0 7.54948 3.3550 2 2 
634 44.890527 10.902993 1.26791 1 3.04286 21.33838 0 7.54948 3.3550 2 2 
635 44.688721 10.965529 0.71682 4 0.55814 11.9808 0 0.97351 9.3325 3 1 
636 44.643863 10.925188 2.18337 3 2.86092 12.87719 0 9.76457 7.3525 1 2 
637 44.652394 10.941063 1.26791 1 3.04286 21.33838 0 7.54948 3.3550 2 2 
638 44.645791 10.920157 1.26791 1 3.04286 21.33838 0 7.54948 3.3550 2 2 
639 44.634697 10.906682 6.17007 1 7.85673 37.57603 0 6.59389 3.7975 4 4 
640 44.666354 10.935281 0.71682 4 0.55814 11.9808 0 0.97351 9.3325 3 1 
641 44.640826 10.908093 0.71682 4 0.55814 11.9808 0 0.97351 9.3325 3 1 
642 44.646686 10.932939 1.26791 1 3.04286 21.33838 0 7.54948 3.3550 2 2 
643 44.617017 10.932033 6.17007 1 7.85673 37.57603 0 6.59389 3.7975 4 4 
644 44.638480 10.899030 6.17007 1 7.85673 37.57603 0 6.59389 3.7975 4 4 
645 44.646026 10.846565 6.17007 1 7.85673 37.57603 0 6.59389 3.7975 4 4 
646 44.629577 10.870020 6.17007 1 7.85673 37.57603 0 6.59389 3.7975 4 4 
647 44.635558 10.907146 1.61198 2 1.87511 14.73976 0 4.65248 5.3325 5 1 
648 44.638472 10.918212 6.17007 1 7.85673 37.57603 0 6.59389 3.7975 4 4 
649 44.607556 10.860359 0.71682 4 0.55814 11.9808 0 0.97351 9.3325 3 1 
650 44.642117 10.964191 2.18337 3 2.86092 12.87719 0 9.76457 7.3525 1 2 
651 44.677450 11.040029 2.18337 3 2.86092 12.87719 0 9.76457 7.3525 1 2 
652 44.632002 10.951581 6.17007 1 7.85673 37.57603 0 6.59389 3.7975 4 4 
653 44.659502 10.901343 6.17007 1 7.85673 37.57603 0 6.59389 3.7975 4 4 
654 44.626907 10.904886 6.17007 1 7.85673 37.57603 0 6.59389 3.7975 4 4 
655 44.628163 10.893693 6.17007 1 7.85673 37.57603 0 6.59389 3.7975 4 4 
656 44.643637 10.929737 2.18337 3 2.86092 12.87719 0 9.76457 7.3525 1 2 
657 44.636492 10.962648 2.18337 3 2.86092 12.87719 0 9.76457 7.3525 1 2 
658 44.654604 10.959821 6.17007 1 7.85673 37.57603 0 6.59389 3.7975 4 4 
659 44.613852 10.887416 2.18337 3 2.86092 12.87719 0 9.76457 7.3525 1 2 
660 44.621478 10.909658 1.26791 1 3.04286 21.33838 0 7.54948 3.3550 2 2 
661 44.688915 10.919713 2.18337 3 2.86092 12.87719 0 9.76457 7.3525 1 2 
662 44.633327 10.936376 0.71682 4 0.55814 11.9808 0 0.97351 9.3325 3 1 
663 44.638130 10.973288 6.17007 1 7.85673 37.57603 0 6.59389 3.7975 4 4 
664 44.674217 10.952219 1.61198 2 1.87511 14.73976 0 4.65248 5.3325 5 1 
665 44.638736 10.965669 1.61198 2 1.87511 14.73976 0 4.65248 5.3325 5 1 
666 44.550152 10.924810 1.61198 2 1.87511 14.73976 0 4.65248 5.3325 5 1 
667 44.629734 10.970472 2.18337 3 2.86092 12.87719 0 9.76457 7.3525 1 2 
668 44.645031 10.901825 0.71682 4 0.55814 11.9808 0 0.97351 9.3325 3 1 
669 44.648266 10.909767 0.71682 4 0.55814 11.9808 0 0.97351 9.3325 3 1 
670 44.625685 10.944142 0.71682 4 0.55814 11.9808 0 0.97351 9.3325 3 1 
671 44.640327 10.918668 0.71682 4 0.55814 11.9808 0 0.97351 9.3325 3 1 
672 44.629552 10.902643 2.18337 3 2.86092 12.87719 0 9.76457 7.3525 1 2 
673 44.600149 10.860586 2.18337 3 2.86092 12.87719 0 9.76457 7.3525 1 2 
674 44.682634 10.907414 6.17007 1 7.85673 37.57603 0 6.59389 3.7975 4 4 
675 44.667966 10.937350 1.26791 1 3.04286 21.33838 0 7.54948 3.3550 2 2 
676 44.655234 10.962582 1.26791 1 3.04286 21.33838 0 7.54948 3.3550 2 2 
677 44.640096 10.893330 2.18337 3 2.86092 12.87719 0 9.76457 7.3525 1 2 
678 44.674861 10.930522 6.17007 1 7.85673 37.57603 0 6.59389 3.7975 4 4 
679 44.630848 10.935448 1.61198 2 1.87511 14.73976 0 4.65248 5.3325 5 1 
680 44.618136 10.924923 0.71682 4 0.55814 11.9808 0 0.97351 9.3325 3 1 
681 44.535869 11.016590 2.18337 3 2.86092 12.87719 0 9.76457 7.3525 1 2 
682 44.640107 10.896095 2.18337 3 2.86092 12.87719 0 9.76457 7.3525 1 2 
683 44.650097 10.939213 1.61198 2 1.87511 14.73976 0 4.65248 5.3325 5 1 
684 44.645950 10.911430 2.18337 3 2.86092 12.87719 0 9.76457 7.3525 1 2 
685 44.640469 10.917892 6.17007 1 7.85673 37.57603 0 6.59389 3.7975 4 4 
686 44.655157 10.937415 1.61198 2 1.87511 14.73976 0 4.65248 5.3325 5 1 
687 44.646366 10.925770 1.61198 2 1.87511 14.73976 0 4.65248 5.3325 5 1 
688 44.621911 10.937752 1.61198 2 1.87511 14.73976 0 4.65248 5.3325 5 1 
689 44.531849 10.880748 1.61198 2 1.87511 14.73976 0 4.65248 5.3325 5 1 
690 44.626765 10.930694 1.26791 1 3.04286 21.33838 0 7.54948 3.3550 2 2 
691 44.631483 10.966768 1.61198 2 1.87511 14.73976 0 4.65248 5.3325 5 1 
692 44.704346 10.900756 1.26791 1 3.04286 21.33838 0 7.54948 3.3550 2 2 
693 44.646765 10.924365 6.17007 1 7.85673 37.57603 0 6.59389 3.7975 4 4 
694 44.525286 10.893328 1.61198 2 1.87511 14.73976 0 4.65248 5.3325 5 1 
695 44.653593 10.902316 2.18337 3 2.86092 12.87719 0 9.76457 7.3525 1 2 
696 44.287734 10.673753 1.61198 2 1.87511 14.73976 0 4.65248 5.3325 5 1 
697 44.618683 10.932906 6.17007 1 7.85673 37.57603 0 6.59389 3.7975 4 4 
698 44.684816 10.890356 1.26791 1 3.04286 21.33838 0 7.54948 3.3550 2 2 
699 44.630983 10.937609 0.71682 4 0.55814 11.9808 0 0.97351 9.3325 3 1 
700 44.586021 10.915017 0.71682 4 0.55814 11.9808 0 0.97351 9.3325 3 1 
701 44.640641 10.966316 2.18337 3 2.86092 12.87719 0 9.76457 7.3525 1 2 
702 44.635559 10.948633 1.26791 1 3.04286 21.33838 0 7.54948 3.3550 2 2 
703 44.563985 10.805434 6.17007 1 7.85673 37.57603 0 6.59389 3.7975 4 4 
704 44.629322 10.918539 6.17007 1 7.85673 37.57603 0 6.59389 3.7975 4 4 
705 44.636347 10.895024 6.17007 1 7.85673 37.57603 0 6.59389 3.7975 4 4 
706 44.652963 10.941439 1.26791 1 3.04286 21.33838 0 7.54948 3.3550 2 2 
707 44.634962 10.908556 6.17007 1 7.85673 37.57603 0 6.59389 3.7975 4 4 
708 44.688915 10.919713 2.18337 3 2.86092 12.87719 0 9.76457 7.3525 1 2 
709 44.604387 10.968903 0.71682 4 0.55814 11.9808 0 0.97351 9.3325 3 1 
710 44.655253 10.886457 0.71682 4 0.55814 11.9808 0 0.97351 9.3325 3 1 
711 44.654995 10.877398 0.71682 4 0.55814 11.9808 0 0.97351 9.3325 3 1 
712 44.645781 10.923031 0.71682 4 0.55814 11.9808 0 0.97351 9.3325 3 1 
713 44.800015 10.992203 6.17007 1 7.85673 37.57603 0 6.59389 3.7975 4 4 
714 44.622545 10.929545 1.61198 2 1.87511 14.73976 0 4.65248 5.3325 5 1 
715 44.637842 10.935338 2.18337 3 2.86092 12.87719 0 9.76457 7.3525 1 2 
716 44.627633 10.896664 2.18337 3 2.86092 12.87719 0 9.76457 7.3525 1 2 
717 44.628446 10.914559 6.17007 1 7.85673 37.57603 0 6.59389 3.7975 4 4 
718 44.637133 10.913905 1.26791 1 3.04286 21.33838 0 7.54948 3.3550 2 2 
719 44.662224 10.888894 1.26791 1 3.04286 21.33838 0 7.54948 3.3550 2 2 
720 44.633814 10.918435 6.17007 1 7.85673 37.57603 0 6.59389 3.7975 4 4 
721 44.647742 10.927925 6.17007 1 7.85673 37.57603 0 6.59389 3.7975 4 4 
722 44.629529 10.963538 2.18337 3 2.86092 12.87719 0 9.76457 7.3525 1 2 
723 44.697617 10.905624 2.18337 3 2.86092 12.87719 0 9.76457 7.3525 1 2 
724 44.637409 10.949981 6.17007 1 7.85673 37.57603 0 6.59389 3.7975 4 4 
725 44.657087 10.961335 6.17007 1 7.85673 37.57603 0 6.59389 3.7975 4 4 
726 44.643647 10.916386 6.17007 1 7.85673 37.57603 0 6.59389 3.7975 4 4 
727 44.618619 10.887601 2.18337 3 2.86092 12.87719 0 9.76457 7.3525 1 2 
728 44.628547 10.911876 0.71682 4 0.55814 11.9808 0 0.97351 9.3325 3 1 
729 44.672752 10.933463 1.26791 1 3.04286 21.33838 0 7.54948 3.3550 2 2 
730 44.656381 10.903127 1.61198 2 1.87511 14.73976 0 4.65248 5.3325 5 1 
731 44.656150 10.969054 0.71682 4 0.55814 11.9808 0 0.97351 9.3325 3 1 
732 44.635731 10.871516 1.61198 2 1.87511 14.73976 0 4.65248 5.3325 5 1 
733 44.633656 10.899052 6.17007 1 7.85673 37.57603 0 6.59389 3.7975 4 4 
734 44.634192 10.925248 0.71682 4 0.55814 11.9808 0 0.97351 9.3325 3 1 
735 44.842036 11.057235 0.71682 4 0.55814 11.9808 0 0.97351 9.3325 3 1 
736 44.637533 10.913619 1.61198 2 1.87511 14.73976 0 4.65248 5.3325 5 1 
737 44.631074 10.951644 6.17007 1 7.85673 37.57603 0 6.59389 3.7975 4 4 
738 44.535858 10.814282 1.26791 1 3.04286 21.33838 0 7.54948 3.3550 2 2 
739 44.546610 10.777632 2.18337 3 2.86092 12.87719 0 9.76457 7.3525 1 2 
740 44.646067 10.852251 2.18337 3 2.86092 12.87719 0 9.76457 7.3525 1 2 
741 44.638342 10.917931 6.17007 1 7.85673 37.57603 0 6.59389 3.7975 4 4 
742 44.656173 10.914561 6.17007 1 7.85673 37.57603 0 6.59389 3.7975 4 4 
743 44.644588 10.887783 0.71682 4 0.55814 11.9808 0 0.97351 9.3325 3 1 
744 44.652093 10.934599 0.71682 4 0.55814 11.9808 0 0.97351 9.3325 3 1 
745 44.530956 11.015722 6.17007 1 7.85673 37.57603 0 6.59389 3.7975 4 4 
746 44.892099 10.901418 1.61198 2 1.87511 14.73976 0 4.65248 5.3325 5 1 
747 44.651885 10.958244 2.18337 3 2.86092 12.87719 0 9.76457 7.3525 1 2 
748 44.635382 10.969646 0.71682 4 0.55814 11.9808 0 0.97351 9.3325 3 1 
749 44.536802 10.813365 2.18337 3 2.86092 12.87719 0 9.76457 7.3525 1 2 
750 44.631068 10.898911 0.71682 4 0.55814 11.9808 0 0.97351 9.3325 3 1 
751 44.671533 10.939246 1.61198 2 1.87511 14.73976 0 4.65248 5.3325 5 1 
752 44.512426 10.946981 1.61198 2 1.87511 14.73976 0 4.65248 5.3325 5 1 
753 44.880144 11.058174 0.71682 4 0.55814 11.9808 0 0.97351 9.3325 3 1 
754 44.651327 10.928222 6.17007 1 7.85673 37.57603 0 6.59389 3.7975 4 4 
755 44.659502 10.930154 0.71682 4 0.55814 11.9808 0 0.97351 9.3325 3 1 
756 44.886839 10.897389 1.61198 2 1.87511 14.73976 0 4.65248 5.3325 5 1 
757 44.624830 10.928146 2.18337 3 2.86092 12.87719 0 9.76457 7.3525 1 2 
758 44.629643 10.916028 1.61198 2 1.87511 14.73976 0 4.65248 5.3325 5 1 
759 44.635050 10.931091 1.61198 2 1.87511 14.73976 0 4.65248 5.3325 5 1 
760 44.651177 10.950521 1.61198 2 1.87511 14.73976 0 4.65248 5.3325 5 1 
761 44.654330 10.948790 2.18337 3 2.86092 12.87719 0 9.76457 7.3525 1 2 
762 44.653782 10.945181 6.17007 1 7.85673 37.57603 0 6.59389 3.7975 4 4 
763 44.653872 10.948739 1.61198 2 1.87511 14.73976 0 4.65248 5.3325 5 1 
764 44.653465 10.944126 0.71682 4 0.55814 11.9808 0 0.97351 9.3325 3 1 
765 44.651441 10.943968 2.18337 3 2.86092 12.87719 0 9.76457 7.3525 1 2 
766 44.654201 10.951187 2.18337 3 2.86092 12.87719 0 9.76457 7.3525 1 2 
767 44.652975 10.944591 2.18337 3 2.86092 12.87719 0 9.76457 7.3525 1 2 
768 44.654849 10.949426 1.61198 2 1.87511 14.73976 0 4.65248 5.3325 5 1 
769 44.653286 10.948375 0.71682 4 0.55814 11.9808 0 0.97351 9.3325 3 1 
770 44.654398 10.947156 2.18337 3 2.86092 12.87719 0 9.76457 7.3525 1 2 
771 44.640670 10.907158 1.26791 1 3.04286 21.33838 0 7.54948 3.3550 2 2 
772 44.665326 10.913667 6.17007 1 7.85673 37.57603 0 6.59389 3.7975 4 4 
773 44.641348 10.955361 1.26791 1 3.04286 21.33838 0 7.54948 3.3550 2 2 
774 44.640473 10.964498 2.18337 3 2.86092 12.87719 0 9.76457 7.3525 1 2 
775 44.738491 10.921015 1.61198 2 1.87511 14.73976 0 4.65248 5.3325 5 1 
776 44.653930 10.912998 1.26791 1 3.04286 21.33838 0 7.54948 3.3550 2 2 
777 44.624450 10.904349 1.26791 1 3.04286 21.33838 0 7.54948 3.3550 2 2 
778 44.658350 10.860539 1.26791 1 3.04286 21.33838 0 7.54948 3.3550 2 2 
779 44.630846 10.970793 1.61198 2 1.87511 14.73976 0 4.65248 5.3325 5 1 
780 44.658901 10.879782 1.61198 2 1.87511 14.73976 0 4.65248 5.3325 5 1 
781 44.643784 10.912655 1.26791 1 3.04286 21.33838 0 7.54948 3.3550 2 2 
782 44.665059 10.898412 2.18337 3 2.86092 12.87719 0 9.76457 7.3525 1 2 
783 44.507861 10.945151 1.61198 2 1.87511 14.73976 0 4.65248 5.3325 5 1 
784 44.641659 10.951828 1.61198 2 1.87511 14.73976 0 4.65248 5.3325 5 1 
785 44.603461 10.870396 1.61198 2 1.87511 14.73976 0 4.65248 5.3325 5 1 
786 44.579629 10.939832 6.17007 1 7.85673 37.57603 0 6.59389 3.7975 4 4 
787 44.627832 10.975776 1.26791 1 3.04286 21.33838 0 7.54948 3.3550 2 2 
788 44.524906 10.857139 0.71682 4 0.55814 11.9808 0 0.97351 9.3325 3 1 
789 44.637760 10.919078 0.71682 4 0.55814 11.9808 0 0.97351 9.3325 3 1 
790 44.883938 11.074567 0.71682 4 0.55814 11.9808 0 0.97351 9.3325 3 1 
791 44.642570 10.928215 1.26791 1 3.04286 21.33838 0 7.54948 3.3550 2 2 
792 44.709257 10.915417 1.26791 1 3.04286 21.33838 0 7.54948 3.3550 2 2 
793 44.643939 10.928933 2.18337 3 2.86092 12.87719 0 9.76457 7.3525 1 2 
794 44.615566 10.975004 6.17007 1 7.85673 37.57603 0 6.59389 3.7975 4 4 
795 44.661430 10.936986 2.18337 3 2.86092 12.87719 0 9.76457 7.3525 1 2 
796 44.625435 10.892523 6.17007 1 7.85673 37.57603 0 6.59389 3.7975 4 4 
797 44.638616 10.911739 0.71682 4 0.55814 11.9808 0 0.97351 9.3325 3 1 
798 44.622446 10.921893 1.26791 1 3.04286 21.33838 0 7.54948 3.3550 2 2 
799 44.647725 10.924663 0.71682 4 0.55814 11.9808 0 0.97351 9.3325 3 1 
800 44.644793 10.908556 1.61198 2 1.87511 14.73976 0 4.65248 5.3325 5 1 
801 44.625318 10.894154 1.61198 2 1.87511 14.73976 0 4.65248 5.3325 5 1 
802 44.646696 10.927112 6.17007 1 7.85673 37.57603 0 6.59389 3.7975 4 4 
803 44.652502 10.933116 2.18337 3 2.86092 12.87719 0 9.76457 7.3525 1 2 
804 44.585493 11.021807 1.61198 2 1.87511 14.73976 0 4.65248 5.3325 5 1 
805 44.891514 10.899811 0.71682 4 0.55814 11.9808 0 0.97351 9.3325 3 1 
806 44.625334 10.936794 0.71682 4 0.55814 11.9808 0 0.97351 9.3325 3 1 
807 44.640218 10.913038 1.26791 1 3.04286 21.33838 0 7.54948 3.3550 2 2 
808 44.629911 10.915059 0.71682 4 0.55814 11.9808 0 0.97351 9.3325 3 1 
809 44.632760 10.917931 1.61198 2 1.87511 14.73976 0 4.65248 5.3325 5 1 
810 44.631068 10.898911 6.17007 1 7.85673 37.57603 0 6.59389 3.7975 4 4 
811 44.652105 10.941882 1.26791 1 3.04286 21.33838 0 7.54948 3.3550 2 2 
812 44.641707 10.952831 0.71682 4 0.55814 11.9808 0 0.97351 9.3325 3 1 
813 44.654835 10.887203 1.26791 1 3.04286 21.33838 0 7.54948 3.3550 2 2 
814 44.659414 10.936595 0.71682 4 0.55814 11.9808 0 0.97351 9.3325 3 1 
815 44.630996 10.897647 2.18337 3 2.86092 12.87719 0 9.76457 7.3525 1 2 
816 44.690809 10.971557 6.17007 1 7.85673 37.57603 0 6.59389 3.7975 4 4 
817 44.614258 10.938231 6.17007 1 7.85673 37.57603 0 6.59389 3.7975 4 4 
818 44.633135 10.924720 1.26791 1 3.04286 21.33838 0 7.54948 3.3550 2 2 
819 44.669708 10.897511 2.18337 3 2.86092 12.87719 0 9.76457 7.3525 1 2 
820 44.751810 11.005553 1.26791 1 3.04286 21.33838 0 7.54948 3.3550 2 2 
821 44.659561 10.943448 1.26791 1 3.04286 21.33838 0 7.54948 3.3550 2 2 
822 44.571586 10.856023 2.18337 3 2.86092 12.87719 0 9.76457 7.3525 1 2 
823 44.674959 11.031031 1.26791 1 3.04286 21.33838 0 7.54948 3.3550 2 2 
824 44.604313 10.970174 2.18337 3 2.86092 12.87719 0 9.76457 7.3525 1 2 
825 44.634734 10.947882 2.18337 3 2.86092 12.87719 0 9.76457 7.3525 1 2 
826 44.644686 10.950389 6.17007 1 7.85673 37.57603 0 6.59389 3.7975 4 4 
827 44.690952 10.840938 1.61198 2 1.87511 14.73976 0 4.65248 5.3325 5 1 
828 44.647459 10.934743 1.61198 2 1.87511 14.73976 0 4.65248 5.3325 5 1 
829 44.584341 11.078741 1.61198 2 1.87511 14.73976 0 4.65248 5.3325 5 1 
830 44.630857 10.912677 1.61198 2 1.87511 14.73976 0 4.65248 5.3325 5 1 
831 44.646008 10.928593 2.18337 3 2.86092 12.87719 0 9.76457 7.3525 1 2 
832 44.647663 10.927899 1.26791 1 3.04286 21.33838 0 7.54948 3.3550 2 2 
833 44.686200 10.917084 6.17007 1 7.85673 37.57603 0 6.59389 3.7975 4 4 
834 44.650243 10.919688 1.26791 1 3.04286 21.33838 0 7.54948 3.3550 2 2 
835 44.670069 10.939413 2.18337 3 2.86092 12.87719 0 9.76457 7.3525 1 2 
836 44.565545 11.036248 6.17007 1 7.85673 37.57603 0 6.59389 3.7975 4 4 
837 44.607740 10.868669 2.18337 3 2.86092 12.87719 0 9.76457 7.3525 1 2 
838 44.626318 10.945224 0.71682 4 0.55814 11.9808 0 0.97351 9.3325 3 1 
839 44.567571 10.833677 0.71682 4 0.55814 11.9808 0 0.97351 9.3325 3 1 
840 44.644731 10.926218 6.17007 1 7.85673 37.57603 0 6.59389 3.7975 4 4 
841 44.625819 10.942849 1.26791 1 3.04286 21.33838 0 7.54948 3.3550 2 2 
842 44.666505 10.912130 6.17007 1 7.85673 37.57603 0 6.59389 3.7975 4 4 
843 44.629155 10.922538 0.71682 4 0.55814 11.9808 0 0.97351 9.3325 3 1 
844 44.629951 10.918383 6.17007 1 7.85673 37.57603 0 6.59389 3.7975 4 4 
845 44.613571 10.933750 6.17007 1 7.85673 37.57603 0 6.59389 3.7975 4 4 
846 44.657409 10.912315 0.71682 4 0.55814 11.9808 0 0.97351 9.3325 3 1 
847 44.657687 10.977480 1.61198 2 1.87511 14.73976 0 4.65248 5.3325 5 1 
848 44.630355 10.941384 1.61198 2 1.87511 14.73976 0 4.65248 5.3325 5 1 
849 44.647480 10.940212 6.17007 1 7.85673 37.57603 0 6.59389 3.7975 4 4 
850 44.652983 10.931346 1.61198 2 1.87511 14.73976 0 4.65248 5.3325 5 1 
851 44.640198 10.938021 1.26791 1 3.04286 21.33838 0 7.54948 3.3550 2 2 
852 44.838341 11.304238 0.71682 4 0.55814 11.9808 0 0.97351 9.3325 3 1 
853 44.624814 10.937688 1.61198 2 1.87511 14.73976 0 4.65248 5.3325 5 1 
854 44.619327 10.991242 0.71682 4 0.55814 11.9808 0 0.97351 9.3325 3 1 
855 44.653366 10.926021 2.18337 3 2.86092 12.87719 0 9.76457 7.3525 1 2 
856 44.648444 10.925599 1.26791 1 3.04286 21.33838 0 7.54948 3.3550 2 2 
857 44.575950 10.836631 2.18337 3 2.86092 12.87719 0 9.76457 7.3525 1 2 
858 44.841945 10.959503 6.17007 1 7.85673 37.57603 0 6.59389 3.7975 4 4 
859 44.655970 10.949777 1.26791 1 3.04286 21.33838 0 7.54948 3.3550 2 2 
860 44.625200 10.925519 6.17007 1 7.85673 37.57603 0 6.59389 3.7975 4 4 
861 44.647604 10.943819 1.26791 1 3.04286 21.33838 0 7.54948 3.3550 2 2 
862 44.617622 10.932177 0.71682 4 0.55814 11.9808 0 0.97351 9.3325 3 1 
863 44.658991 10.881291 0.71682 4 0.55814 11.9808 0 0.97351 9.3325 3 1 
864 44.637326 10.938163 6.17007 1 7.85673 37.57603 0 6.59389 3.7975 4 4 
865 44.627114 10.948538 2.18337 3 2.86092 12.87719 0 9.76457 7.3525 1 2 
866 44.713931 10.913336 0.71682 4 0.55814 11.9808 0 0.97351 9.3325 3 1 
867 44.641298 10.909027 0.71682 4 0.55814 11.9808 0 0.97351 9.3325 3 1 
868 44.648309 10.920084 0.71682 4 0.55814 11.9808 0 0.97351 9.3325 3 1 
869 44.649160 10.923931 2.18337 3 2.86092 12.87719 0 9.76457 7.3525 1 2 
870 44.644287 10.912538 1.61198 2 1.87511 14.73976 0 4.65248 5.3325 5 1 
871 44.647155 10.938929 0.71682 4 0.55814 11.9808 0 0.97351 9.3325 3 1 
872 44.623788 10.933311 1.26791 1 3.04286 21.33838 0 7.54948 3.3550 2 2 
873 44.628905 10.919377 1.26791 1 3.04286 21.33838 0 7.54948 3.3550 2 2 
874 44.845700 11.072764 1.61198 2 1.87511 14.73976 0 4.65248 5.3325 5 1 
875 44.667607 10.946827 1.61198 2 1.87511 14.73976 0 4.65248 5.3325 5 1 
876 44.652706 10.934439 2.18337 3 2.86092 12.87719 0 9.76457 7.3525 1 2 
877 44.689984 10.974721 2.18337 3 2.86092 12.87719 0 9.76457 7.3525 1 2 
878 44.631652 10.919490 0.71682 4 0.55814 11.9808 0 0.97351 9.3325 3 1 
879 44.648011 10.922960 1.61198 2 1.87511 14.73976 0 4.65248 5.3325 5 1 
880 44.641933 10.922145 0.71682 4 0.55814 11.9808 0 0.97351 9.3325 3 1 
881 44.644802 10.921053 2.18337 3 2.86092 12.87719 0 9.76457 7.3525 1 2 
882 44.650803 10.935173 2.18337 3 2.86092 12.87719 0 9.76457 7.3525 1 2 
883 44.600885 10.976948 2.18337 3 2.86092 12.87719 0 9.76457 7.3525 1 2 
884 44.644858 10.933528 0.71682 4 0.55814 11.9808 0 0.97351 9.3325 3 1 
885 44.648093 10.916669 2.18337 3 2.86092 12.87719 0 9.76457 7.3525 1 2 
886 44.595437 10.913058 1.26791 1 3.04286 21.33838 0 7.54948 3.3550 2 2 
887 44.674005 10.899461 0.71682 4 0.55814 11.9808 0 0.97351 9.3325 3 1 
888 44.666815 10.944716 1.61198 2 1.87511 14.73976 0 4.65248 5.3325 5 1 
889 44.677046 10.936607 0.71682 4 0.55814 11.9808 0 0.97351 9.3325 3 1 
890 44.654404 10.887294 2.18337 3 2.86092 12.87719 0 9.76457 7.3525 1 2 
891 44.661658 10.888580 1.26791 1 3.04286 21.33838 0 7.54948 3.3550 2 2 
892 44.631915 10.954364 2.18337 3 2.86092 12.87719 0 9.76457 7.3525 1 2 
893 44.635745 10.896464 2.18337 3 2.86092 12.87719 0 9.76457 7.3525 1 2 
894 44.621907 10.931437 2.18337 3 2.86092 12.87719 0 9.76457 7.3525 1 2 
895 44.644342 10.895220 1.61198 2 1.87511 14.73976 0 4.65248 5.3325 5 1 
896 44.653058 10.916925 0.71682 4 0.55814 11.9808 0 0.97351 9.3325 3 1 
897 44.644947 10.912165 1.61198 2 1.87511 14.73976 0 4.65248 5.3325 5 1 
898 44.636209 10.909265 2.18337 3 2.86092 12.87719 0 9.76457 7.3525 1 2 
899 44.644835 10.896816 1.61198 2 1.87511 14.73976 0 4.65248 5.3325 5 1 
900 44.647991 10.899833 1.26791 1 3.04286 21.33838 0 7.54948 3.3550 2 2 
901 44.721629 10.891531 2.18337 3 2.86092 12.87719 0 9.76457 7.3525 1 2 
902 44.655561 10.948998 2.18337 3 2.86092 12.87719 0 9.76457 7.3525 1 2 
903 44.664860 10.934134 1.26791 1 3.04286 21.33838 0 7.54948 3.3550 2 2 
904 44.661259 10.893564 1.61198 2 1.87511 14.73976 0 4.65248 5.3325 5 1 
905 44.637922 10.900269 1.61198 2 1.87511 14.73976 0 4.65248 5.3325 5 1 
906 44.621690 10.943570 1.26791 1 3.04286 21.33838 0 7.54948 3.3550 2 2 
907 44.539518 10.898830 1.61198 2 1.87511 14.73976 0 4.65248 5.3325 5 1 
908 44.668770 10.896675 0.71682 4 0.55814 11.9808 0 0.97351 9.3325 3 1 
909 44.645375 10.817861 1.26791 1 3.04286 21.33838 0 7.54948 3.3550 2 2 
910 44.661951 10.926243 6.17007 1 7.85673 37.57603 0 6.59389 3.7975 4 4 
911 44.533598 11.025887 1.61198 2 1.87511 14.73976 0 4.65248 5.3325 5 1 
912 44.629045 10.922147 6.17007 1 7.85673 37.57603 0 6.59389 3.7975 4 4 
913 44.633063 10.944185 1.26791 1 3.04286 21.33838 0 7.54948 3.3550 2 2 
914 44.674281 10.935397 0.71682 4 0.55814 11.9808 0 0.97351 9.3325 3 1 
915 44.685044 10.895386 6.17007 1 7.85673 37.57603 0 6.59389 3.7975 4 4 
916 44.636382 10.872374 2.18337 3 2.86092 12.87719 0 9.76457 7.3525 1 2 
917 44.649192 10.858874 2.18337 3 2.86092 12.87719 0 9.76457 7.3525 1 2 
918 44.632036 10.935185 0.71682 4 0.55814 11.9808 0 0.97351 9.3325 3 1 
919 44.605001 10.874091 1.26791 1 3.04286 21.33838 0 7.54948 3.3550 2 2 
920 44.649291 10.849618 2.18337 3 2.86092 12.87719 0 9.76457 7.3525 1 2 
921 44.601649 10.973504 2.18337 3 2.86092 12.87719 0 9.76457 7.3525 1 2 
922 44.638625 10.950048 1.26791 1 3.04286 21.33838 0 7.54948 3.3550 2 2 
923 44.599109 10.928830 1.61198 2 1.87511 14.73976 0 4.65248 5.3325 5 1 
924 44.620861 10.851413 1.61198 2 1.87511 14.73976 0 4.65248 5.3325 5 1 
925 44.650766 10.895095 1.61198 2 1.87511 14.73976 0 4.65248 5.3325 5 1 
926 44.651590 10.914133 6.17007 1 7.85673 37.57603 0 6.59389 3.7975 4 4 
927 44.646211 10.926659 2.18337 3 2.86092 12.87719 0 9.76457 7.3525 1 2 
928 44.651407 10.858080 6.17007 1 7.85673 37.57603 0 6.59389 3.7975 4 4 
929 44.647784 10.941944 6.17007 1 7.85673 37.57603 0 6.59389 3.7975 4 4 
930 44.246237 10.716472 1.61198 2 1.87511 14.73976 0 4.65248 5.3325 5 1 
931 44.645431 10.943449 1.61198 2 1.87511 14.73976 0 4.65248 5.3325 5 1 
932 44.789517 10.861862 1.26791 1 3.04286 21.33838 0 7.54948 3.3550 2 2 
933 44.634389 10.923058 1.26791 1 3.04286 21.33838 0 7.54948 3.3550 2 2 
934 44.642754 10.905737 1.61198 2 1.87511 14.73976 0 4.65248 5.3325 5 1 
935 44.618797 10.909824 2.18337 3 2.86092 12.87719 0 9.76457 7.3525 1 2 
936 44.645544 10.911004 1.26791 1 3.04286 21.33838 0 7.54948 3.3550 2 2 
937 44.591132 10.949554 1.61198 2 1.87511 14.73976 0 4.65248 5.3325 5 1 
938 44.916054 10.991907 1.61198 2 1.87511 14.73976 0 4.65248 5.3325 5 1 
939 44.635645 10.923698 0.71682 4 0.55814 11.9808 0 0.97351 9.3325 3 1 
940 44.645082 10.943258 1.61198 2 1.87511 14.73976 0 4.65248 5.3325 5 1 
941 44.639693 10.952252 1.26791 1 3.04286 21.33838 0 7.54948 3.3550 2 2 
942 44.659528 10.968969 1.61198 2 1.87511 14.73976 0 4.65248 5.3325 5 1 
943 44.614723 10.939249 0.71682 4 0.55814 11.9808 0 0.97351 9.3325 3 1 
944 44.579093 10.852981 0.71682 4 0.55814 11.9808 0 0.97351 9.3325 3 1 
945 44.631325 10.916389 1.26791 1 3.04286 21.33838 0 7.54948 3.3550 2 2 
946 44.624244 10.925712 0.71682 4 0.55814 11.9808 0 0.97351 9.3325 3 1 
947 44.630195 10.925437 6.17007 1 7.85673 37.57603 0 6.59389 3.7975 4 4 
948 44.630251 10.984282 1.26791 1 3.04286 21.33838 0 7.54948 3.3550 2 2 
949 44.639162 10.950306 1.61198 2 1.87511 14.73976 0 4.65248 5.3325 5 1 
950 44.659129 10.901203 1.26791 1 3.04286 21.33838 0 7.54948 3.3550 2 2 