100 LAT LONG PCC PCN MEM ST BW COST TP
1 44.627679 10.905275 3.2 2 69.2096 872.1548 0 0.00085 7.8125 
2 44.645212 10.845204 17.4 6 8.1608 104.82494 0 0.00121 4.31034 
3 44.636184 10.894112 24 8 47.60555 134.95326 0 0.00138 4.16667 
4 44.657989 10.915088 3.2 2 18.41298 80.03536 0 0.00085 7.8125 
5 44.737869 10.927290 3.2 2 117.25214 954.70149 0 0.00085 7.8125 
6 44.644980 10.935084 30 10 28.62478 452.60837 0 0.00153 4.16667 
7 44.663952 10.925380 17.4 6 113.90376 36.90785 0 0.00121 4.31034 
8 44.643388 10.930879 9.2 4 100.9906 429.47633 0 0.00097 5.43478 
9 44.660017 10.922206 9.2 4 117.7217 627.93466 0 0.00097 5.43478 
10 44.549887 10.943770 24 8 7.13475 215.92134 0 0.00138 4.16667 
11 44.535392 10.795644 3.2 2 1.1192 202.73956 0 0.00085 7.8125 
12 44.636083 10.908446 24 8 97.56955 843.96909 0 0.00138 4.16667 
13 44.644655 10.914930 17.4 6 2.97059 638.33571 0 0.00121 4.31034 
14 44.577738 10.839587 3.2 2 43.66791 112.50967 0 0.00085 7.8125 
15 44.660125 10.884774 9.2 4 91.21587 359.59545 0 0.00097 5.43478 
16 44.642818 10.895363 3.2 2 35.33176 870.33734 0 0.00085 7.8125 
17 44.553794 10.778387 3.2 2 119.27516 655.18 0 0.00085 7.8125 
18 44.741874 10.923151 30 10 25.13941 962.89198 0 0.00153 4.16667 
19 44.627163 10.938222 24 8 75.332 895.55345 0 0.00138 4.16667 
20 44.642706 10.890372 30 10 58.0541 806.74314 0 0.00153 4.16667 
21 44.640622 10.969588 9.2 4 83.81751 513.46076 0 0.00097 5.43478 
22 44.618301 10.825300 9.2 4 21.85826 35.63496 0 0.00097 5.43478 
23 44.657179 10.898772 30 10 92.50279 844.70655 0 0.00153 4.16667 
24 44.629848 10.936623 3.2 2 35.84023 339.90157 0 0.00085 7.8125 
25 44.603185 10.969607 3.2 2 113.60633 341.24866 0 0.00085 7.8125 
26 44.884673 11.069750 3.2 2 60.90228 981.38725 0 0.00085 7.8125 
27 44.625376 10.918105 30 10 96.48654 685.24166 0 0.00153 4.16667 
28 44.642795 10.939353 30 10 55.37779 729.83178 0 0.00153 4.16667 
29 44.649701 10.892467 9.2 4 6.70568 186.43342 0 0.00097 5.43478 
30 44.637655 10.924026 3.2 2 91.51161 922.17048 0 0.00085 7.8125 
31 44.685437 10.894296 3.2 2 52.43492 580.56077 0 0.00085 7.8125 
32 44.642547 10.944128 24 8 19.16143 879.08295 0 0.00138 4.16667 
33 44.629040 10.975422 24 8 28.50323 342.50384 0 0.00138 4.16667 
34 44.630032 10.960077 3.2 2 3.34284 412.5947 0 0.00085 7.8125 
35 44.637512 10.954229 17.4 6 87.60018 301.6002 0 0.00121 4.31034 
36 44.642593 10.930274 30 10 121.44213 406.82595 0 0.00153 4.16667 
37 44.662683 10.962235 9.2 4 71.35214 19.16182 0 0.00097 5.43478 
38 44.631776 10.905878 9.2 4 122.50511 528.53702 0 0.00097 5.43478 
39 44.544092 10.778658 9.2 4 34.43254 299.21978 0 0.00097 5.43478 
40 44.613096 10.935387 17.4 6 32.16132 475.3647 0 0.00121 4.31034 
41 44.741668 10.925969 24 8 5.85509 38.00676 0 0.00138 4.16667 
42 44.622677 10.912607 3.2 2 5.33992 339.27717 0 0.00085 7.8125 
43 44.651003 10.935226 9.2 4 30.58523 52.96984 0 0.00097 5.43478 
44 44.652821 10.904157 30 10 35.32492 398.89188 0 0.00153 4.16667 
45 44.625540 10.960703 24 8 66.30189 665.34021 0 0.00138 4.16667 
46 44.624342 10.909513 9.2 4 103.72848 148.06762 0 0.00097 5.43478 
47 44.611628 10.934530 24 8 68.38961 41.13658 0 0.00138 4.16667 
48 44.622497 10.943233 3.2 2 90.48883 846.29908 0 0.00085 7.8125 
49 44.627686 10.935059 9.2 4 0.38657 352.7428 0 0.00097 5.43478 
50 44.620104 10.931738 17.4 6 49.87356 14.14638 0 0.00121 4.31034 
51 44.640614 10.915871 30 10 64.8182 802.535 0 0.00153 4.16667 
52 44.630068 10.924922 17.4 6 68.72131 521.12145 0 0.00121 4.31034 
53 44.656872 10.892369 9.2 4 4.07198 471.53993 0 0.00097 5.43478 
54 44.646006 10.887044 17.4 6 87.31885 479.51768 0 0.00121 4.31034 
55 44.638034 10.938759 30 10 85.39678 2.05634 0 0.00153 4.16667 
56 44.660255 10.898333 30 10 24.47842 784.60992 0 0.00153 4.16667 
57 44.625999 10.946590 9.2 4 73.83929 799.93724 0 0.00097 5.43478 
58 44.642136 10.927896 30 10 3.0155 241.73159 0 0.00153 4.16667 
59 44.631721 10.885032 24 8 45.47021 367.44095 0 0.00138 4.16667 
60 44.663518 10.895345 17.4 6 72.9879 1.99515 0 0.00121 4.31034 
61 44.635874 10.917106 3.2 2 57.00589 258.384 0 0.00085 7.8125 
62 44.656358 10.944253 30 10 22.7378 70.0139 0 0.00153 4.16667 
63 44.631143 10.904487 9.2 4 25.58143 217.9806 0 0.00097 5.43478 
64 44.616463 10.925836 3.2 2 67.33495 794.36786 0 0.00085 7.8125 
65 44.542902 10.955749 3.2 2 4.63316 425.46891 0 0.00085 7.8125 
66 44.641705 10.908636 9.2 4 26.63456 901.75452 0 0.00097 5.43478 
67 44.649994 10.899677 30 10 60.78822 188.70148 0 0.00153 4.16667 
68 44.653862 10.917182 3.2 2 7.31518 763.91426 0 0.00085 7.8125 
69 44.640921 10.807400 3.2 2 81.85426 893.24164 0 0.00085 7.8125 
70 44.649488 10.936277 9.2 4 9.1217 746.81983 0 0.00097 5.43478 
71 44.635793 10.865473 17.4 6 29.65544 650.16548 0 0.00121 4.31034 
72 44.657218 10.899983 17.4 6 110.60451 161.06452 0 0.00121 4.31034 
73 44.666175 10.931018 30 10 9.65305 854.03871 0 0.00153 4.16667 
74 44.649191 10.924138 24 8 49.94794 154.53275 0 0.00138 4.16667 
75 44.639842 10.839160 17.4 6 102.54854 371.3464 0 0.00121 4.31034 
76 44.525564 10.892628 3.2 2 85.44166 338.93789 0 0.00085 7.8125 
77 44.703144 10.949882 3.2 2 99.94661 904.57031 0 0.00085 7.8125 
78 44.673521 10.912881 3.2 2 121.43579 698.6878 0 0.00085 7.8125 
79 44.586573 10.932468 30 10 78.89291 160.67188 0 0.00153 4.16667 
80 44.702964 10.952230 17.4 6 13.24565 509.88117 0 0.00121 4.31034 
81 44.628158 10.917498 30 10 105.0264 445.88071 0 0.00153 4.16667 
82 44.630239 10.974414 17.4 6 14.15592 803.00757 0 0.00121 4.31034 
83 44.632309 10.922486 9.2 4 50.29441 495.24137 0 0.00097 5.43478 
84 44.648502 10.921246 24 8 4.44802 70.0758 0 0.00138 4.16667 
85 44.577643 10.942655 9.2 4 114.84479 229.81567 0 0.00097 5.43478 
86 44.629978 10.935538 30 10 69.89808 898.45914 0 0.00153 4.16667 
87 44.666018 10.943080 9.2 4 71.02592 280.08713 0 0.00097 5.43478 
88 44.627177 10.925131 3.2 2 105.06886 95.74846 0 0.00085 7.8125 
89 44.661654 10.965658 3.2 2 124.95826 129.05297 0 0.00085 7.8125 
90 44.631943 10.934245 24 8 82.70277 231.40429 0 0.00138 4.16667 
91 44.640595 10.919339 3.2 2 81.78773 17.37916 0 0.00085 7.8125 
92 44.636726 10.941892 9.2 4 25.53976 123.94775 0 0.00097 5.43478 
93 44.637412 10.941054 3.2 2 15.00919 191.41174 0 0.00085 7.8125 
94 44.664245 10.858545 17.4 6 124.97838 715.11705 0 0.00121 4.31034 
95 44.643166 10.932873 9.2 4 94.03519 78.30935 0 0.00097 5.43478 
96 44.650069 10.903798 3.2 2 68.96175 745.49162 0 0.00085 7.8125 
97 44.631015 10.917223 24 8 105.80448 215.43894 0 0.00138 4.16667 
98 44.646281 10.843797 9.2 4 31.45369 670.01748 0 0.00097 5.43478 
99 44.651873 10.918554 17.4 6 90.30666 792.48475 0 0.00121 4.31034 
100 44.588209 10.970924 24 8 37.4289 990.42168 0 0.00138 4.16667 