1000 lat long pcc pcn mem st bw sd cost service task
1 44.633106 10.939678 0.71682 4 0.55814 11.9808 0 0.97351 9.3325 3 1 
2 44.625262 10.893088 1.26791 1 3.04286 21.33838 0 7.54948 3.3550 2 2 
3 44.647793 10.930327 6.17007 1 7.85673 37.57603 0 6.59389 3.7975 4 4 
4 44.650514 10.938734 2.18337 3 2.86092 12.87719 0 9.76457 7.3525 1 2 
5 44.654346 10.909586 1.26791 1 3.04286 21.33838 0 7.54948 3.3550 2 2 
6 44.656694 10.898991 2.18337 3 2.86092 12.87719 0 9.76457 7.3525 1 2 
7 44.690933 10.969304 0.71682 4 0.55814 11.9808 0 0.97351 9.3325 3 1 
8 44.645649 10.921296 6.17007 1 7.85673 37.57603 0 6.59389 3.7975 4 4 
9 44.633450 10.924301 1.26791 1 3.04286 21.33838 0 7.54948 3.3550 2 2 
10 44.642667 10.928747 1.26791 1 3.04286 21.33838 0 7.54948 3.3550 2 2 
11 44.628245 10.808032 1.61198 2 1.87511 14.73976 0 4.65248 5.3325 5 1 
12 44.602418 10.919662 2.18337 3 2.86092 12.87719 0 9.76457 7.3525 1 2 
13 44.645322 10.916054 1.26791 1 3.04286 21.33838 0 7.54948 3.3550 2 2 
14 44.643426 10.891692 6.17007 1 7.85673 37.57603 0 6.59389 3.7975 4 4 
15 44.849179 11.069823 1.26791 1 3.04286 21.33838 0 7.54948 3.3550 2 2 
16 44.638755 10.897222 0.71682 4 0.55814 11.9808 0 0.97351 9.3325 3 1 
17 44.587891 10.946703 1.26791 1 3.04286 21.33838 0 7.54948 3.3550 2 2 
18 44.620737 10.980565 1.26791 1 3.04286 21.33838 0 7.54948 3.3550 2 2 
19 44.644635 10.842004 2.18337 3 2.86092 12.87719 0 9.76457 7.3525 1 2 
20 44.675135 10.900189 1.26791 1 3.04286 21.33838 0 7.54948 3.3550 2 2 
21 44.623639 10.935868 1.26791 1 3.04286 21.33838 0 7.54948 3.3550 2 2 
22 44.627010 10.940864 6.17007 1 7.85673 37.57603 0 6.59389 3.7975 4 4 
23 44.687798 10.963777 0.71682 4 0.55814 11.9808 0 0.97351 9.3325 3 1 
24 44.630468 10.935947 1.61198 2 1.87511 14.73976 0 4.65248 5.3325 5 1 
25 44.644637 10.929353 1.61198 2 1.87511 14.73976 0 4.65248 5.3325 5 1 
26 44.589114 10.858776 6.17007 1 7.85673 37.57603 0 6.59389 3.7975 4 4 
27 44.644954 10.925246 1.61198 2 1.87511 14.73976 0 4.65248 5.3325 5 1 
28 44.726452 10.910250 1.26791 1 3.04286 21.33838 0 7.54948 3.3550 2 2 
29 44.689813 10.913941 1.26791 1 3.04286 21.33838 0 7.54948 3.3550 2 2 
30 44.656825 10.875966 6.17007 1 7.85673 37.57603 0 6.59389 3.7975 4 4 
31 44.661508 10.889147 0.71682 4 0.55814 11.9808 0 0.97351 9.3325 3 1 
32 44.657739 10.912519 1.26791 1 3.04286 21.33838 0 7.54948 3.3550 2 2 
33 44.628634 10.939588 1.26791 1 3.04286 21.33838 0 7.54948 3.3550 2 2 
34 44.675540 11.041978 0.71682 4 0.55814 11.9808 0 0.97351 9.3325 3 1 
35 44.661676 10.923367 6.17007 1 7.85673 37.57603 0 6.59389 3.7975 4 4 
36 44.286752 10.672077 0.71682 4 0.55814 11.9808 0 0.97351 9.3325 3 1 
37 44.619638 10.941135 0.71682 4 0.55814 11.9808 0 0.97351 9.3325 3 1 
38 44.287087 10.666050 0.71682 4 0.55814 11.9808 0 0.97351 9.3325 3 1 
39 44.651896 10.917380 6.17007 1 7.85673 37.57603 0 6.59389 3.7975 4 4 
40 44.635734 10.947216 2.18337 3 2.86092 12.87719 0 9.76457 7.3525 1 2 
41 44.571934 10.844666 6.17007 1 7.85673 37.57603 0 6.59389 3.7975 4 4 
42 44.655313 10.964801 0.71682 4 0.55814 11.9808 0 0.97351 9.3325 3 1 
43 44.646774 10.921880 1.61198 2 1.87511 14.73976 0 4.65248 5.3325 5 1 
44 44.600704 10.973442 1.26791 1 3.04286 21.33838 0 7.54948 3.3550 2 2 
45 44.657643 10.949641 6.17007 1 7.85673 37.57603 0 6.59389 3.7975 4 4 
46 44.628446 10.914559 1.61198 2 1.87511 14.73976 0 4.65248 5.3325 5 1 
47 44.656930 10.898282 1.26791 1 3.04286 21.33838 0 7.54948 3.3550 2 2 
48 44.678402 10.930480 6.17007 1 7.85673 37.57603 0 6.59389 3.7975 4 4 
49 44.651569 10.867872 1.61198 2 1.87511 14.73976 0 4.65248 5.3325 5 1 
50 44.662918 10.925206 6.17007 1 7.85673 37.57603 0 6.59389 3.7975 4 4 
51 44.748232 11.002663 1.61198 2 1.87511 14.73976 0 4.65248 5.3325 5 1 
52 44.630666 10.909429 6.17007 1 7.85673 37.57603 0 6.59389 3.7975 4 4 
53 44.641209 10.921766 0.71682 4 0.55814 11.9808 0 0.97351 9.3325 3 1 
54 44.656308 10.896589 1.61198 2 1.87511 14.73976 0 4.65248 5.3325 5 1 
55 44.629226 10.927507 1.61198 2 1.87511 14.73976 0 4.65248 5.3325 5 1 
56 44.661147 10.927231 1.26791 1 3.04286 21.33838 0 7.54948 3.3550 2 2 
57 44.643386 10.932400 6.17007 1 7.85673 37.57603 0 6.59389 3.7975 4 4 
58 44.666572 10.892736 6.17007 1 7.85673 37.57603 0 6.59389 3.7975 4 4 
59 44.662543 10.890877 2.18337 3 2.86092 12.87719 0 9.76457 7.3525 1 2 
60 44.643496 10.945125 1.26791 1 3.04286 21.33838 0 7.54948 3.3550 2 2 
61 44.595485 11.035603 0.71682 4 0.55814 11.9808 0 0.97351 9.3325 3 1 
62 44.659224 10.892006 2.18337 3 2.86092 12.87719 0 9.76457 7.3525 1 2 
63 44.625435 10.896339 0.71682 4 0.55814 11.9808 0 0.97351 9.3325 3 1 
64 44.575189 10.919481 0.71682 4 0.55814 11.9808 0 0.97351 9.3325 3 1 
65 44.635463 10.907084 1.61198 2 1.87511 14.73976 0 4.65248 5.3325 5 1 
66 44.624635 10.940973 1.26791 1 3.04286 21.33838 0 7.54948 3.3550 2 2 
67 44.624822 10.945836 1.61198 2 1.87511 14.73976 0 4.65248 5.3325 5 1 
68 44.638496 10.856699 1.61198 2 1.87511 14.73976 0 4.65248 5.3325 5 1 
69 44.634172 10.924156 1.61198 2 1.87511 14.73976 0 4.65248 5.3325 5 1 
70 44.645899 10.907711 1.61198 2 1.87511 14.73976 0 4.65248 5.3325 5 1 
71 44.632706 10.948055 6.17007 1 7.85673 37.57603 0 6.59389 3.7975 4 4 
72 44.639802 10.806131 2.18337 3 2.86092 12.87719 0 9.76457 7.3525 1 2 
73 44.554313 10.797328 1.26791 1 3.04286 21.33838 0 7.54948 3.3550 2 2 
74 44.639347 10.930972 0.71682 4 0.55814 11.9808 0 0.97351 9.3325 3 1 
75 44.632474 10.934182 1.61198 2 1.87511 14.73976 0 4.65248 5.3325 5 1 
76 44.623001 10.924100 6.17007 1 7.85673 37.57603 0 6.59389 3.7975 4 4 
77 44.662103 10.964165 2.18337 3 2.86092 12.87719 0 9.76457 7.3525 1 2 
78 44.610405 10.920063 6.17007 1 7.85673 37.57603 0 6.59389 3.7975 4 4 
79 44.628929 10.888966 1.26791 1 3.04286 21.33838 0 7.54948 3.3550 2 2 
80 44.536086 10.820911 2.18337 3 2.86092 12.87719 0 9.76457 7.3525 1 2 
81 44.643508 10.886377 0.71682 4 0.55814 11.9808 0 0.97351 9.3325 3 1 
82 44.642992 10.964084 1.61198 2 1.87511 14.73976 0 4.65248 5.3325 5 1 
83 44.632606 10.952201 0.71682 4 0.55814 11.9808 0 0.97351 9.3325 3 1 
84 44.612079 10.911914 2.18337 3 2.86092 12.87719 0 9.76457 7.3525 1 2 
85 44.626869 10.925723 1.61198 2 1.87511 14.73976 0 4.65248 5.3325 5 1 
86 44.343638 10.729244 1.61198 2 1.87511 14.73976 0 4.65248 5.3325 5 1 
87 44.636847 10.905362 1.26791 1 3.04286 21.33838 0 7.54948 3.3550 2 2 
88 44.651573 10.902624 2.18337 3 2.86092 12.87719 0 9.76457 7.3525 1 2 
89 44.884381 11.060460 6.17007 1 7.85673 37.57603 0 6.59389 3.7975 4 4 
90 44.625980 10.944816 0.71682 4 0.55814 11.9808 0 0.97351 9.3325 3 1 
91 44.655157 10.937415 6.17007 1 7.85673 37.57603 0 6.59389 3.7975 4 4 
92 44.656471 10.939548 0.71682 4 0.55814 11.9808 0 0.97351 9.3325 3 1 
93 44.668201 10.936144 0.71682 4 0.55814 11.9808 0 0.97351 9.3325 3 1 
94 44.654059 10.906719 0.71682 4 0.55814 11.9808 0 0.97351 9.3325 3 1 
95 44.633658 10.900076 6.17007 1 7.85673 37.57603 0 6.59389 3.7975 4 4 
96 44.641038 10.891075 0.71682 4 0.55814 11.9808 0 0.97351 9.3325 3 1 
97 44.636720 10.901462 6.17007 1 7.85673 37.57603 0 6.59389 3.7975 4 4 
98 44.601834 10.957643 2.18337 3 2.86092 12.87719 0 9.76457 7.3525 1 2 
99 44.650462 10.919184 0.71682 4 0.55814 11.9808 0 0.97351 9.3325 3 1 
100 44.637160 10.934742 1.26791 1 3.04286 21.33838 0 7.54948 3.3550 2 2 
101 44.578835 10.829993 1.61198 2 1.87511 14.73976 0 4.65248 5.3325 5 1 
102 44.619716 10.928593 6.17007 1 7.85673 37.57603 0 6.59389 3.7975 4 4 
103 44.641515 10.891953 1.26791 1 3.04286 21.33838 0 7.54948 3.3550 2 2 
104 44.632772 10.899272 1.26791 1 3.04286 21.33838 0 7.54948 3.3550 2 2 
105 44.647080 10.923876 6.17007 1 7.85673 37.57603 0 6.59389 3.7975 4 4 
106 44.609558 10.850379 0.71682 4 0.55814 11.9808 0 0.97351 9.3325 3 1 
107 44.696834 10.889165 6.17007 1 7.85673 37.57603 0 6.59389 3.7975 4 4 
108 44.660988 10.921575 1.61198 2 1.87511 14.73976 0 4.65248 5.3325 5 1 
109 44.645148 10.888136 2.18337 3 2.86092 12.87719 0 9.76457 7.3525 1 2 
110 44.631655 10.971580 1.61198 2 1.87511 14.73976 0 4.65248 5.3325 5 1 
111 44.538036 10.793516 2.18337 3 2.86092 12.87719 0 9.76457 7.3525 1 2 
112 44.626914 10.907268 2.18337 3 2.86092 12.87719 0 9.76457 7.3525 1 2 
113 44.636345 10.904913 1.61198 2 1.87511 14.73976 0 4.65248 5.3325 5 1 
114 44.635266 10.928746 0.71682 4 0.55814 11.9808 0 0.97351 9.3325 3 1 
115 44.639521 10.911066 1.61198 2 1.87511 14.73976 0 4.65248 5.3325 5 1 
116 44.630800 10.902486 1.26791 1 3.04286 21.33838 0 7.54948 3.3550 2 2 
117 44.640801 10.923262 6.17007 1 7.85673 37.57603 0 6.59389 3.7975 4 4 
118 44.688568 10.916532 0.71682 4 0.55814 11.9808 0 0.97351 9.3325 3 1 
119 44.580411 10.983637 2.18337 3 2.86092 12.87719 0 9.76457 7.3525 1 2 
120 44.671741 10.866392 2.18337 3 2.86092 12.87719 0 9.76457 7.3525 1 2 
121 44.660419 10.896387 6.17007 1 7.85673 37.57603 0 6.59389 3.7975 4 4 
122 44.641915 10.915624 6.17007 1 7.85673 37.57603 0 6.59389 3.7975 4 4 
123 44.657931 10.878713 1.61198 2 1.87511 14.73976 0 4.65248 5.3325 5 1 
124 44.645113 10.907136 2.18337 3 2.86092 12.87719 0 9.76457 7.3525 1 2 
125 44.683176 10.896164 6.17007 1 7.85673 37.57603 0 6.59389 3.7975 4 4 
126 44.630498 10.947769 6.17007 1 7.85673 37.57603 0 6.59389 3.7975 4 4 
127 44.649044 10.900630 1.61198 2 1.87511 14.73976 0 4.65248 5.3325 5 1 
128 44.666557 10.913467 1.26791 1 3.04286 21.33838 0 7.54948 3.3550 2 2 
129 44.627757 10.918063 1.61198 2 1.87511 14.73976 0 4.65248 5.3325 5 1 
130 44.699421 10.885404 1.26791 1 3.04286 21.33838 0 7.54948 3.3550 2 2 
131 44.602478 10.860014 1.26791 1 3.04286 21.33838 0 7.54948 3.3550 2 2 
132 44.685449 10.966954 0.71682 4 0.55814 11.9808 0 0.97351 9.3325 3 1 
133 44.679437 11.040059 1.61198 2 1.87511 14.73976 0 4.65248 5.3325 5 1 
134 44.639332 10.962251 6.17007 1 7.85673 37.57603 0 6.59389 3.7975 4 4 
135 44.641242 10.890510 0.71682 4 0.55814 11.9808 0 0.97351 9.3325 3 1 
136 44.659737 10.895949 1.26791 1 3.04286 21.33838 0 7.54948 3.3550 2 2 
137 44.633829 10.969333 1.61198 2 1.87511 14.73976 0 4.65248 5.3325 5 1 
138 44.649479 10.938563 1.61198 2 1.87511 14.73976 0 4.65248 5.3325 5 1 
139 44.604481 10.861827 2.18337 3 2.86092 12.87719 0 9.76457 7.3525 1 2 
140 44.674822 10.934524 0.71682 4 0.55814 11.9808 0 0.97351 9.3325 3 1 
141 44.580008 10.911161 6.17007 1 7.85673 37.57603 0 6.59389 3.7975 4 4 
142 44.649247 10.926936 1.61198 2 1.87511 14.73976 0 4.65248 5.3325 5 1 
143 44.640578 10.914095 6.17007 1 7.85673 37.57603 0 6.59389 3.7975 4 4 
144 44.628713 10.922815 1.61198 2 1.87511 14.73976 0 4.65248 5.3325 5 1 
145 44.657407 10.904793 1.61198 2 1.87511 14.73976 0 4.65248 5.3325 5 1 
146 44.636245 10.926057 1.61198 2 1.87511 14.73976 0 4.65248 5.3325 5 1 
147 44.644122 10.942273 2.18337 3 2.86092 12.87719 0 9.76457 7.3525 1 2 
148 44.636749 10.932037 2.18337 3 2.86092 12.87719 0 9.76457 7.3525 1 2 
149 44.651712 10.875960 1.26791 1 3.04286 21.33838 0 7.54948 3.3550 2 2 
150 44.634459 10.925545 2.18337 3 2.86092 12.87719 0 9.76457 7.3525 1 2 
151 44.634426 10.871266 2.18337 3 2.86092 12.87719 0 9.76457 7.3525 1 2 
152 44.662602 10.898617 1.26791 1 3.04286 21.33838 0 7.54948 3.3550 2 2 
153 44.789957 10.875245 1.61198 2 1.87511 14.73976 0 4.65248 5.3325 5 1 
154 44.658793 10.904980 2.18337 3 2.86092 12.87719 0 9.76457 7.3525 1 2 
155 44.649759 10.900387 1.61198 2 1.87511 14.73976 0 4.65248 5.3325 5 1 
156 44.642029 10.962812 6.17007 1 7.85673 37.57603 0 6.59389 3.7975 4 4 
157 44.632273 10.868276 6.17007 1 7.85673 37.57603 0 6.59389 3.7975 4 4 
158 44.649407 10.921292 6.17007 1 7.85673 37.57603 0 6.59389 3.7975 4 4 
159 44.625274 10.929279 2.18337 3 2.86092 12.87719 0 9.76457 7.3525 1 2 
160 44.656379 10.890524 1.61198 2 1.87511 14.73976 0 4.65248 5.3325 5 1 
161 44.475185 10.991325 0.71682 4 0.55814 11.9808 0 0.97351 9.3325 3 1 
162 44.608459 10.978220 1.26791 1 3.04286 21.33838 0 7.54948 3.3550 2 2 
163 44.524855 10.860216 6.17007 1 7.85673 37.57603 0 6.59389 3.7975 4 4 
164 44.692672 10.967912 6.17007 1 7.85673 37.57603 0 6.59389 3.7975 4 4 
165 44.658118 10.932318 2.18337 3 2.86092 12.87719 0 9.76457 7.3525 1 2 
166 44.679634 10.946879 0.71682 4 0.55814 11.9808 0 0.97351 9.3325 3 1 
167 44.644888 10.922599 0.71682 4 0.55814 11.9808 0 0.97351 9.3325 3 1 
168 44.645348 10.917547 6.17007 1 7.85673 37.57603 0 6.59389 3.7975 4 4 
169 44.633436 10.903916 6.17007 1 7.85673 37.57603 0 6.59389 3.7975 4 4 
170 44.662176 10.929089 2.18337 3 2.86092 12.87719 0 9.76457 7.3525 1 2 
171 44.655713 10.898435 1.26791 1 3.04286 21.33838 0 7.54948 3.3550 2 2 
172 44.649814 10.918457 2.18337 3 2.86092 12.87719 0 9.76457 7.3525 1 2 
173 44.639744 10.909265 0.71682 4 0.55814 11.9808 0 0.97351 9.3325 3 1 
174 44.587664 10.970517 1.26791 1 3.04286 21.33838 0 7.54948 3.3550 2 2 
175 44.625470 10.942371 1.61198 2 1.87511 14.73976 0 4.65248 5.3325 5 1 
176 44.652115 10.899743 1.26791 1 3.04286 21.33838 0 7.54948 3.3550 2 2 
177 44.672678 10.951920 1.26791 1 3.04286 21.33838 0 7.54948 3.3550 2 2 
178 44.633974 10.935704 6.17007 1 7.85673 37.57603 0 6.59389 3.7975 4 4 
179 44.620782 11.040734 1.26791 1 3.04286 21.33838 0 7.54948 3.3550 2 2 
180 44.642255 10.945016 0.71682 4 0.55814 11.9808 0 0.97351 9.3325 3 1 
181 44.647343 10.927732 1.26791 1 3.04286 21.33838 0 7.54948 3.3550 2 2 
182 44.629115 10.941370 1.61198 2 1.87511 14.73976 0 4.65248 5.3325 5 1 
183 44.877277 11.071046 6.17007 1 7.85673 37.57603 0 6.59389 3.7975 4 4 
184 44.643751 10.942125 1.61198 2 1.87511 14.73976 0 4.65248 5.3325 5 1 
185 44.659868 10.931842 6.17007 1 7.85673 37.57603 0 6.59389 3.7975 4 4 
186 44.882503 11.066729 1.61198 2 1.87511 14.73976 0 4.65248 5.3325 5 1 
187 44.727825 10.919785 1.61198 2 1.87511 14.73976 0 4.65248 5.3325 5 1 
188 44.660306 10.965302 2.18337 3 2.86092 12.87719 0 9.76457 7.3525 1 2 
189 44.676031 11.032249 1.61198 2 1.87511 14.73976 0 4.65248 5.3325 5 1 
190 44.689272 10.916227 2.18337 3 2.86092 12.87719 0 9.76457 7.3525 1 2 
191 44.629051 10.925539 2.18337 3 2.86092 12.87719 0 9.76457 7.3525 1 2 
192 44.647264 10.943387 1.61198 2 1.87511 14.73976 0 4.65248 5.3325 5 1 
193 44.646018 10.923316 0.71682 4 0.55814 11.9808 0 0.97351 9.3325 3 1 
194 44.612507 10.983511 1.61198 2 1.87511 14.73976 0 4.65248 5.3325 5 1 
195 44.652496 10.931752 1.26791 1 3.04286 21.33838 0 7.54948 3.3550 2 2 
196 44.645163 10.909004 2.18337 3 2.86092 12.87719 0 9.76457 7.3525 1 2 
197 44.651934 10.928912 0.71682 4 0.55814 11.9808 0 0.97351 9.3325 3 1 
198 44.638153 10.913149 1.61198 2 1.87511 14.73976 0 4.65248 5.3325 5 1 
199 44.640358 10.907456 0.71682 4 0.55814 11.9808 0 0.97351 9.3325 3 1 
200 44.649723 10.920020 0.71682 4 0.55814 11.9808 0 0.97351 9.3325 3 1 
201 44.652880 10.934645 1.26791 1 3.04286 21.33838 0 7.54948 3.3550 2 2 
202 44.637494 10.935028 0.71682 4 0.55814 11.9808 0 0.97351 9.3325 3 1 
203 44.635170 10.914836 6.17007 1 7.85673 37.57603 0 6.59389 3.7975 4 4 
204 44.634089 10.916551 1.61198 2 1.87511 14.73976 0 4.65248 5.3325 5 1 
205 44.632542 10.935307 1.26791 1 3.04286 21.33838 0 7.54948 3.3550 2 2 
206 44.633457 10.856224 0.71682 4 0.55814 11.9808 0 0.97351 9.3325 3 1 
207 44.644637 10.934088 2.18337 3 2.86092 12.87719 0 9.76457 7.3525 1 2 
208 44.659200 10.933352 2.18337 3 2.86092 12.87719 0 9.76457 7.3525 1 2 
209 44.656419 10.909598 6.17007 1 7.85673 37.57603 0 6.59389 3.7975 4 4 
210 44.687662 10.963423 1.26791 1 3.04286 21.33838 0 7.54948 3.3550 2 2 
211 44.639710 10.948131 1.26791 1 3.04286 21.33838 0 7.54948 3.3550 2 2 
212 44.628419 10.912597 0.71682 4 0.55814 11.9808 0 0.97351 9.3325 3 1 
213 44.623780 10.917712 2.18337 3 2.86092 12.87719 0 9.76457 7.3525 1 2 
214 44.629260 10.942703 1.61198 2 1.87511 14.73976 0 4.65248 5.3325 5 1 
215 44.645879 10.930202 2.18337 3 2.86092 12.87719 0 9.76457 7.3525 1 2 
216 44.622270 10.816410 1.61198 2 1.87511 14.73976 0 4.65248 5.3325 5 1 
217 44.638511 10.873769 2.18337 3 2.86092 12.87719 0 9.76457 7.3525 1 2 
218 44.625556 10.894379 6.17007 1 7.85673 37.57603 0 6.59389 3.7975 4 4 
219 44.836184 11.292578 6.17007 1 7.85673 37.57603 0 6.59389 3.7975 4 4 
220 44.641763 10.939536 1.61198 2 1.87511 14.73976 0 4.65248 5.3325 5 1 
221 44.695435 10.875618 0.71682 4 0.55814 11.9808 0 0.97351 9.3325 3 1 
222 44.633370 10.946570 6.17007 1 7.85673 37.57603 0 6.59389 3.7975 4 4 
223 44.639702 10.913418 0.71682 4 0.55814 11.9808 0 0.97351 9.3325 3 1 
224 44.594989 11.037887 2.18337 3 2.86092 12.87719 0 9.76457 7.3525 1 2 
225 44.660409 10.962256 0.71682 4 0.55814 11.9808 0 0.97351 9.3325 3 1 
226 44.659720 10.920255 0.71682 4 0.55814 11.9808 0 0.97351 9.3325 3 1 
227 44.660123 10.911161 1.26791 1 3.04286 21.33838 0 7.54948 3.3550 2 2 
228 44.626128 10.929277 0.71682 4 0.55814 11.9808 0 0.97351 9.3325 3 1 
229 44.636780 10.930377 1.61198 2 1.87511 14.73976 0 4.65248 5.3325 5 1 
230 44.668198 10.938464 6.17007 1 7.85673 37.57603 0 6.59389 3.7975 4 4 
231 44.645871 10.915881 2.18337 3 2.86092 12.87719 0 9.76457 7.3525 1 2 
232 44.650372 10.898436 0.71682 4 0.55814 11.9808 0 0.97351 9.3325 3 1 
233 44.632442 10.915098 1.26791 1 3.04286 21.33838 0 7.54948 3.3550 2 2 
234 44.651835 10.933512 1.26791 1 3.04286 21.33838 0 7.54948 3.3550 2 2 
235 44.634077 10.950419 2.18337 3 2.86092 12.87719 0 9.76457 7.3525 1 2 
236 44.622888 10.891130 0.71682 4 0.55814 11.9808 0 0.97351 9.3325 3 1 
237 44.672005 10.939487 2.18337 3 2.86092 12.87719 0 9.76457 7.3525 1 2 
238 44.636236 10.921261 0.71682 4 0.55814 11.9808 0 0.97351 9.3325 3 1 
239 44.509709 10.950041 2.18337 3 2.86092 12.87719 0 9.76457 7.3525 1 2 
240 44.893451 11.065997 1.26791 1 3.04286 21.33838 0 7.54948 3.3550 2 2 
241 44.641216 10.943818 0.71682 4 0.55814 11.9808 0 0.97351 9.3325 3 1 
242 44.641960 10.966249 0.71682 4 0.55814 11.9808 0 0.97351 9.3325 3 1 
243 44.630155 10.960969 1.61198 2 1.87511 14.73976 0 4.65248 5.3325 5 1 
244 44.678212 10.952872 6.17007 1 7.85673 37.57603 0 6.59389 3.7975 4 4 
245 44.655040 10.905814 0.71682 4 0.55814 11.9808 0 0.97351 9.3325 3 1 
246 44.655574 10.900547 2.18337 3 2.86092 12.87719 0 9.76457 7.3525 1 2 
247 44.603873 10.904920 6.17007 1 7.85673 37.57603 0 6.59389 3.7975 4 4 
248 44.654197 10.890697 1.26791 1 3.04286 21.33838 0 7.54948 3.3550 2 2 
249 44.650509 10.933601 2.18337 3 2.86092 12.87719 0 9.76457 7.3525 1 2 
250 44.540266 10.793640 0.71682 4 0.55814 11.9808 0 0.97351 9.3325 3 1 
251 44.628309 10.969620 1.26791 1 3.04286 21.33838 0 7.54948 3.3550 2 2 
252 44.881357 10.887794 1.26791 1 3.04286 21.33838 0 7.54948 3.3550 2 2 
253 44.635521 10.902887 2.18337 3 2.86092 12.87719 0 9.76457 7.3525 1 2 
254 44.635164 10.869587 2.18337 3 2.86092 12.87719 0 9.76457 7.3525 1 2 
255 44.647051 10.916171 0.71682 4 0.55814 11.9808 0 0.97351 9.3325 3 1 
256 44.619566 10.934006 6.17007 1 7.85673 37.57603 0 6.59389 3.7975 4 4 
257 44.310038 10.792578 2.18337 3 2.86092 12.87719 0 9.76457 7.3525 1 2 
258 44.709584 10.902220 2.18337 3 2.86092 12.87719 0 9.76457 7.3525 1 2 
259 44.602274 10.969724 0.71682 4 0.55814 11.9808 0 0.97351 9.3325 3 1 
260 44.632987 10.933990 1.61198 2 1.87511 14.73976 0 4.65248 5.3325 5 1 
261 44.638403 10.876708 6.17007 1 7.85673 37.57603 0 6.59389 3.7975 4 4 
262 44.655428 10.872448 6.17007 1 7.85673 37.57603 0 6.59389 3.7975 4 4 
263 44.646758 10.928595 0.71682 4 0.55814 11.9808 0 0.97351 9.3325 3 1 
264 44.659276 10.892642 1.26791 1 3.04286 21.33838 0 7.54948 3.3550 2 2 
265 44.612217 10.909517 2.18337 3 2.86092 12.87719 0 9.76457 7.3525 1 2 
266 44.635333 10.946670 2.18337 3 2.86092 12.87719 0 9.76457 7.3525 1 2 
267 44.646341 10.925073 6.17007 1 7.85673 37.57603 0 6.59389 3.7975 4 4 
268 44.623009 10.948569 1.26791 1 3.04286 21.33838 0 7.54948 3.3550 2 2 
269 44.678060 10.893056 0.71682 4 0.55814 11.9808 0 0.97351 9.3325 3 1 
270 44.647191 10.919890 1.26791 1 3.04286 21.33838 0 7.54948 3.3550 2 2 
271 44.675135 10.959429 2.18337 3 2.86092 12.87719 0 9.76457 7.3525 1 2 
272 44.723040 10.900088 0.71682 4 0.55814 11.9808 0 0.97351 9.3325 3 1 
273 44.645191 10.923256 1.61198 2 1.87511 14.73976 0 4.65248 5.3325 5 1 
274 44.645161 10.928992 1.61198 2 1.87511 14.73976 0 4.65248 5.3325 5 1 
275 44.843135 11.146038 0.71682 4 0.55814 11.9808 0 0.97351 9.3325 3 1 
276 44.643934 10.929792 1.61198 2 1.87511 14.73976 0 4.65248 5.3325 5 1 
277 44.661620 10.892461 2.18337 3 2.86092 12.87719 0 9.76457 7.3525 1 2 
278 44.639786 10.891890 0.71682 4 0.55814 11.9808 0 0.97351 9.3325 3 1 
279 44.523177 10.859042 2.18337 3 2.86092 12.87719 0 9.76457 7.3525 1 2 
280 44.643031 10.934915 2.18337 3 2.86092 12.87719 0 9.76457 7.3525 1 2 
281 44.661658 10.888580 1.26791 1 3.04286 21.33838 0 7.54948 3.3550 2 2 
282 44.634604 10.954887 6.17007 1 7.85673 37.57603 0 6.59389 3.7975 4 4 
283 44.661748 10.908158 6.17007 1 7.85673 37.57603 0 6.59389 3.7975 4 4 
284 44.636547 10.933714 1.61198 2 1.87511 14.73976 0 4.65248 5.3325 5 1 
285 44.662142 10.929289 1.26791 1 3.04286 21.33838 0 7.54948 3.3550 2 2 
286 44.628160 10.892855 6.17007 1 7.85673 37.57603 0 6.59389 3.7975 4 4 
287 44.657913 10.903107 0.71682 4 0.55814 11.9808 0 0.97351 9.3325 3 1 
288 44.643877 10.926382 1.26791 1 3.04286 21.33838 0 7.54948 3.3550 2 2 
289 44.632230 10.947447 1.61198 2 1.87511 14.73976 0 4.65248 5.3325 5 1 
290 44.637345 10.917497 6.17007 1 7.85673 37.57603 0 6.59389 3.7975 4 4 
291 44.637662 10.940099 1.61198 2 1.87511 14.73976 0 4.65248 5.3325 5 1 
292 44.639564 10.907711 1.26791 1 3.04286 21.33838 0 7.54948 3.3550 2 2 
293 44.668256 10.930643 2.18337 3 2.86092 12.87719 0 9.76457 7.3525 1 2 
294 44.645819 10.930726 1.61198 2 1.87511 14.73976 0 4.65248 5.3325 5 1 
295 44.530257 11.019961 1.61198 2 1.87511 14.73976 0 4.65248 5.3325 5 1 
296 44.646381 10.918656 2.18337 3 2.86092 12.87719 0 9.76457 7.3525 1 2 
297 44.661960 10.889476 6.17007 1 7.85673 37.57603 0 6.59389 3.7975 4 4 
298 44.629817 10.911359 0.71682 4 0.55814 11.9808 0 0.97351 9.3325 3 1 
299 44.634838 10.974548 2.18337 3 2.86092 12.87719 0 9.76457 7.3525 1 2 
300 44.621347 10.931603 2.18337 3 2.86092 12.87719 0 9.76457 7.3525 1 2 
301 44.595873 10.974174 0.71682 4 0.55814 11.9808 0 0.97351 9.3325 3 1 
302 44.654282 10.920075 1.26791 1 3.04286 21.33838 0 7.54948 3.3550 2 2 
303 44.645864 10.922327 2.18337 3 2.86092 12.87719 0 9.76457 7.3525 1 2 
304 44.643803 10.890940 1.61198 2 1.87511 14.73976 0 4.65248 5.3325 5 1 
305 44.664204 10.974826 0.71682 4 0.55814 11.9808 0 0.97351 9.3325 3 1 
306 44.626551 10.943452 6.17007 1 7.85673 37.57603 0 6.59389 3.7975 4 4 
307 44.622090 10.926164 1.26791 1 3.04286 21.33838 0 7.54948 3.3550 2 2 
308 44.634954 10.894250 6.17007 1 7.85673 37.57603 0 6.59389 3.7975 4 4 
309 44.641216 10.943818 1.61198 2 1.87511 14.73976 0 4.65248 5.3325 5 1 
310 44.706670 11.104341 2.18337 3 2.86092 12.87719 0 9.76457 7.3525 1 2 
311 44.647839 10.924372 6.17007 1 7.85673 37.57603 0 6.59389 3.7975 4 4 
312 44.645533 10.972414 2.18337 3 2.86092 12.87719 0 9.76457 7.3525 1 2 
313 44.661757 10.893162 6.17007 1 7.85673 37.57603 0 6.59389 3.7975 4 4 
314 44.656795 10.914978 1.61198 2 1.87511 14.73976 0 4.65248 5.3325 5 1 
315 44.671481 10.894920 2.18337 3 2.86092 12.87719 0 9.76457 7.3525 1 2 
316 44.662918 10.925206 2.18337 3 2.86092 12.87719 0 9.76457 7.3525 1 2 
317 44.646286 10.850892 6.17007 1 7.85673 37.57603 0 6.59389 3.7975 4 4 
318 44.640937 10.861207 2.18337 3 2.86092 12.87719 0 9.76457 7.3525 1 2 
319 44.369246 10.661461 2.18337 3 2.86092 12.87719 0 9.76457 7.3525 1 2 
320 44.642490 10.932997 0.71682 4 0.55814 11.9808 0 0.97351 9.3325 3 1 
321 44.649393 10.924580 0.71682 4 0.55814 11.9808 0 0.97351 9.3325 3 1 
322 44.595794 10.929986 6.17007 1 7.85673 37.57603 0 6.59389 3.7975 4 4 
323 44.639989 10.926191 1.26791 1 3.04286 21.33838 0 7.54948 3.3550 2 2 
324 44.644858 10.933528 2.18337 3 2.86092 12.87719 0 9.76457 7.3525 1 2 
325 44.643318 10.940758 6.17007 1 7.85673 37.57603 0 6.59389 3.7975 4 4 
326 44.641756 10.899191 0.71682 4 0.55814 11.9808 0 0.97351 9.3325 3 1 
327 44.646601 10.855335 1.61198 2 1.87511 14.73976 0 4.65248 5.3325 5 1 
328 44.836883 11.299507 2.18337 3 2.86092 12.87719 0 9.76457 7.3525 1 2 
329 44.658186 10.902136 1.26791 1 3.04286 21.33838 0 7.54948 3.3550 2 2 
330 44.642101 10.913961 1.26791 1 3.04286 21.33838 0 7.54948 3.3550 2 2 
331 44.649250 10.925743 6.17007 1 7.85673 37.57603 0 6.59389 3.7975 4 4 
332 44.633559 10.959935 6.17007 1 7.85673 37.57603 0 6.59389 3.7975 4 4 
333 44.887139 11.065114 6.17007 1 7.85673 37.57603 0 6.59389 3.7975 4 4 
334 44.660254 10.883688 1.61198 2 1.87511 14.73976 0 4.65248 5.3325 5 1 
335 44.676294 10.934989 2.18337 3 2.86092 12.87719 0 9.76457 7.3525 1 2 
336 44.638372 10.920484 2.18337 3 2.86092 12.87719 0 9.76457 7.3525 1 2 
337 44.598609 10.959842 0.71682 4 0.55814 11.9808 0 0.97351 9.3325 3 1 
338 44.650799 10.802457 0.71682 4 0.55814 11.9808 0 0.97351 9.3325 3 1 
339 44.637372 10.797124 2.18337 3 2.86092 12.87719 0 9.76457 7.3525 1 2 
340 44.572426 10.941783 6.17007 1 7.85673 37.57603 0 6.59389 3.7975 4 4 
341 44.657234 10.864061 6.17007 1 7.85673 37.57603 0 6.59389 3.7975 4 4 
342 44.632161 10.795203 1.26791 1 3.04286 21.33838 0 7.54948 3.3550 2 2 
343 44.605376 10.997620 1.61198 2 1.87511 14.73976 0 4.65248 5.3325 5 1 
344 44.641108 10.804805 2.18337 3 2.86092 12.87719 0 9.76457 7.3525 1 2 
345 44.579704 10.945882 2.18337 3 2.86092 12.87719 0 9.76457 7.3525 1 2 
346 44.640743 10.908169 2.18337 3 2.86092 12.87719 0 9.76457 7.3525 1 2 
347 44.603635 10.863614 0.71682 4 0.55814 11.9808 0 0.97351 9.3325 3 1 
348 44.660671 10.960148 0.71682 4 0.55814 11.9808 0 0.97351 9.3325 3 1 
349 44.653991 10.914715 1.26791 1 3.04286 21.33838 0 7.54948 3.3550 2 2 
350 44.646504 10.840999 0.71682 4 0.55814 11.9808 0 0.97351 9.3325 3 1 
351 44.636657 10.910483 6.17007 1 7.85673 37.57603 0 6.59389 3.7975 4 4 
352 44.665161 10.855601 6.17007 1 7.85673 37.57603 0 6.59389 3.7975 4 4 
353 44.640316 10.972176 1.26791 1 3.04286 21.33838 0 7.54948 3.3550 2 2 
354 44.611956 10.890166 1.61198 2 1.87511 14.73976 0 4.65248 5.3325 5 1 
355 44.654678 10.942877 2.18337 3 2.86092 12.87719 0 9.76457 7.3525 1 2 
356 44.645480 10.924387 0.71682 4 0.55814 11.9808 0 0.97351 9.3325 3 1 
357 44.659551 10.898291 6.17007 1 7.85673 37.57603 0 6.59389 3.7975 4 4 
358 44.621395 10.917592 2.18337 3 2.86092 12.87719 0 9.76457 7.3525 1 2 
359 44.658013 10.947920 2.18337 3 2.86092 12.87719 0 9.76457 7.3525 1 2 
360 44.642258 10.911866 2.18337 3 2.86092 12.87719 0 9.76457 7.3525 1 2 
361 44.635945 10.948656 1.26791 1 3.04286 21.33838 0 7.54948 3.3550 2 2 
362 44.657915 10.914884 1.26791 1 3.04286 21.33838 0 7.54948 3.3550 2 2 
363 44.624450 10.911829 1.26791 1 3.04286 21.33838 0 7.54948 3.3550 2 2 
364 44.636898 10.955762 6.17007 1 7.85673 37.57603 0 6.59389 3.7975 4 4 
365 44.627781 10.934815 1.26791 1 3.04286 21.33838 0 7.54948 3.3550 2 2 
366 44.600898 10.981489 2.18337 3 2.86092 12.87719 0 9.76457 7.3525 1 2 
367 44.517551 10.859047 0.71682 4 0.55814 11.9808 0 0.97351 9.3325 3 1 
368 44.651619 10.804524 6.17007 1 7.85673 37.57603 0 6.59389 3.7975 4 4 
369 44.624900 10.898891 6.17007 1 7.85673 37.57603 0 6.59389 3.7975 4 4 
370 44.688732 10.921788 2.18337 3 2.86092 12.87719 0 9.76457 7.3525 1 2 
371 44.623420 10.916989 1.61198 2 1.87511 14.73976 0 4.65248 5.3325 5 1 
372 44.626591 10.919601 1.61198 2 1.87511 14.73976 0 4.65248 5.3325 5 1 
373 44.580577 10.939358 1.26791 1 3.04286 21.33838 0 7.54948 3.3550 2 2 
374 44.579737 10.841449 1.61198 2 1.87511 14.73976 0 4.65248 5.3325 5 1 
375 44.662299 10.963512 2.18337 3 2.86092 12.87719 0 9.76457 7.3525 1 2 
376 44.638479 10.957922 2.18337 3 2.86092 12.87719 0 9.76457 7.3525 1 2 
377 44.630928 10.901713 6.17007 1 7.85673 37.57603 0 6.59389 3.7975 4 4 
378 44.638193 10.949588 1.61198 2 1.87511 14.73976 0 4.65248 5.3325 5 1 
379 44.659824 10.910984 2.18337 3 2.86092 12.87719 0 9.76457 7.3525 1 2 
380 44.656542 10.947323 6.17007 1 7.85673 37.57603 0 6.59389 3.7975 4 4 
381 44.619807 10.930975 0.71682 4 0.55814 11.9808 0 0.97351 9.3325 3 1 
382 44.643665 10.903189 2.18337 3 2.86092 12.87719 0 9.76457 7.3525 1 2 
383 44.654136 10.918169 2.18337 3 2.86092 12.87719 0 9.76457 7.3525 1 2 
384 44.651868 10.919224 1.26791 1 3.04286 21.33838 0 7.54948 3.3550 2 2 
385 44.628088 10.916608 1.26791 1 3.04286 21.33838 0 7.54948 3.3550 2 2 
386 44.647459 10.922236 2.18337 3 2.86092 12.87719 0 9.76457 7.3525 1 2 
387 44.626559 10.927149 0.71682 4 0.55814 11.9808 0 0.97351 9.3325 3 1 
388 44.636656 10.874929 0.71682 4 0.55814 11.9808 0 0.97351 9.3325 3 1 
389 44.606329 10.970405 6.17007 1 7.85673 37.57603 0 6.59389 3.7975 4 4 
390 44.614015 10.951830 1.26791 1 3.04286 21.33838 0 7.54948 3.3550 2 2 
391 44.747142 10.976170 2.18337 3 2.86092 12.87719 0 9.76457 7.3525 1 2 
392 44.600043 10.971707 1.61198 2 1.87511 14.73976 0 4.65248 5.3325 5 1 
393 44.647162 10.927196 6.17007 1 7.85673 37.57603 0 6.59389 3.7975 4 4 
394 44.624878 10.930252 1.26791 1 3.04286 21.33838 0 7.54948 3.3550 2 2 
395 44.656419 10.909598 1.61198 2 1.87511 14.73976 0 4.65248 5.3325 5 1 
396 44.628273 10.918385 2.18337 3 2.86092 12.87719 0 9.76457 7.3525 1 2 
397 44.882211 11.059934 1.61198 2 1.87511 14.73976 0 4.65248 5.3325 5 1 
398 44.683930 10.869963 6.17007 1 7.85673 37.57603 0 6.59389 3.7975 4 4 
399 44.629552 10.902643 0.71682 4 0.55814 11.9808 0 0.97351 9.3325 3 1 
400 44.634261 10.870183 2.18337 3 2.86092 12.87719 0 9.76457 7.3525 1 2 
401 44.616847 10.909007 1.26791 1 3.04286 21.33838 0 7.54948 3.3550 2 2 
402 44.641356 10.929899 1.61198 2 1.87511 14.73976 0 4.65248 5.3325 5 1 
403 44.675603 11.016675 2.18337 3 2.86092 12.87719 0 9.76457 7.3525 1 2 
404 44.679100 11.030249 1.26791 1 3.04286 21.33838 0 7.54948 3.3550 2 2 
405 44.651670 10.894234 0.71682 4 0.55814 11.9808 0 0.97351 9.3325 3 1 
406 44.641509 10.901891 1.26791 1 3.04286 21.33838 0 7.54948 3.3550 2 2 
407 44.645862 10.943654 1.61198 2 1.87511 14.73976 0 4.65248 5.3325 5 1 
408 44.638668 10.897724 1.61198 2 1.87511 14.73976 0 4.65248 5.3325 5 1 
409 44.646353 10.922097 2.18337 3 2.86092 12.87719 0 9.76457 7.3525 1 2 
410 44.647028 10.899999 2.18337 3 2.86092 12.87719 0 9.76457 7.3525 1 2 
411 44.643713 10.893185 0.71682 4 0.55814 11.9808 0 0.97351 9.3325 3 1 
412 44.640370 10.942235 2.18337 3 2.86092 12.87719 0 9.76457 7.3525 1 2 
413 44.656842 10.944167 6.17007 1 7.85673 37.57603 0 6.59389 3.7975 4 4 
414 44.630360 10.921717 1.61198 2 1.87511 14.73976 0 4.65248 5.3325 5 1 
415 44.656819 10.911915 0.71682 4 0.55814 11.9808 0 0.97351 9.3325 3 1 
416 44.634377 10.894371 1.61198 2 1.87511 14.73976 0 4.65248 5.3325 5 1 
417 44.627169 10.922451 0.71682 4 0.55814 11.9808 0 0.97351 9.3325 3 1 
418 44.839309 11.305532 6.17007 1 7.85673 37.57603 0 6.59389 3.7975 4 4 
419 44.622959 10.928795 0.71682 4 0.55814 11.9808 0 0.97351 9.3325 3 1 
420 44.689256 10.920358 1.61198 2 1.87511 14.73976 0 4.65248 5.3325 5 1 
421 44.626159 10.928194 1.26791 1 3.04286 21.33838 0 7.54948 3.3550 2 2 
422 44.645292 10.941505 1.26791 1 3.04286 21.33838 0 7.54948 3.3550 2 2 
423 44.652905 10.932157 1.26791 1 3.04286 21.33838 0 7.54948 3.3550 2 2 
424 44.664070 10.922878 2.18337 3 2.86092 12.87719 0 9.76457 7.3525 1 2 
425 44.652963 10.941439 6.17007 1 7.85673 37.57603 0 6.59389 3.7975 4 4 
426 44.661399 10.965329 1.61198 2 1.87511 14.73976 0 4.65248 5.3325 5 1 
427 44.653388 10.940172 2.18337 3 2.86092 12.87719 0 9.76457 7.3525 1 2 
428 44.613206 10.846712 2.18337 3 2.86092 12.87719 0 9.76457 7.3525 1 2 
429 44.636715 10.935783 1.26791 1 3.04286 21.33838 0 7.54948 3.3550 2 2 
430 44.628203 10.940386 0.71682 4 0.55814 11.9808 0 0.97351 9.3325 3 1 
431 44.555647 10.793730 1.26791 1 3.04286 21.33838 0 7.54948 3.3550 2 2 
432 44.622621 10.975875 0.71682 4 0.55814 11.9808 0 0.97351 9.3325 3 1 
433 44.622406 10.890925 6.17007 1 7.85673 37.57603 0 6.59389 3.7975 4 4 
434 44.633486 10.917572 0.71682 4 0.55814 11.9808 0 0.97351 9.3325 3 1 
435 44.646389 10.918171 2.18337 3 2.86092 12.87719 0 9.76457 7.3525 1 2 
436 44.657019 10.893371 2.18337 3 2.86092 12.87719 0 9.76457 7.3525 1 2 
437 44.636704 10.936763 1.61198 2 1.87511 14.73976 0 4.65248 5.3325 5 1 
438 44.659895 10.899966 2.18337 3 2.86092 12.87719 0 9.76457 7.3525 1 2 
439 44.640218 10.913038 0.71682 4 0.55814 11.9808 0 0.97351 9.3325 3 1 
440 44.639584 10.954861 1.26791 1 3.04286 21.33838 0 7.54948 3.3550 2 2 
441 44.631654 10.918496 1.26791 1 3.04286 21.33838 0 7.54948 3.3550 2 2 
442 44.658759 10.903604 6.17007 1 7.85673 37.57603 0 6.59389 3.7975 4 4 
443 44.656001 10.892861 6.17007 1 7.85673 37.57603 0 6.59389 3.7975 4 4 
444 44.831965 11.292386 1.26791 1 3.04286 21.33838 0 7.54948 3.3550 2 2 
445 44.874220 11.131523 2.18337 3 2.86092 12.87719 0 9.76457 7.3525 1 2 
446 44.600294 10.976759 1.26791 1 3.04286 21.33838 0 7.54948 3.3550 2 2 
447 44.619935 10.923400 6.17007 1 7.85673 37.57603 0 6.59389 3.7975 4 4 
448 44.659110 10.970314 6.17007 1 7.85673 37.57603 0 6.59389 3.7975 4 4 
449 44.649567 10.901025 6.17007 1 7.85673 37.57603 0 6.59389 3.7975 4 4 
450 44.650847 10.960200 2.18337 3 2.86092 12.87719 0 9.76457 7.3525 1 2 
451 44.662057 10.942532 1.26791 1 3.04286 21.33838 0 7.54948 3.3550 2 2 
452 44.659639 10.875012 6.17007 1 7.85673 37.57603 0 6.59389 3.7975 4 4 
453 44.638905 10.945953 6.17007 1 7.85673 37.57603 0 6.59389 3.7975 4 4 
454 44.660299 10.894826 2.18337 3 2.86092 12.87719 0 9.76457 7.3525 1 2 
455 44.657512 10.889531 0.71682 4 0.55814 11.9808 0 0.97351 9.3325 3 1 
456 44.658364 10.903374 6.17007 1 7.85673 37.57603 0 6.59389 3.7975 4 4 
457 44.808582 10.837993 1.61198 2 1.87511 14.73976 0 4.65248 5.3325 5 1 
458 44.630057 10.914521 0.71682 4 0.55814 11.9808 0 0.97351 9.3325 3 1 
459 44.651192 10.963191 1.26791 1 3.04286 21.33838 0 7.54948 3.3550 2 2 
460 44.629683 10.924988 6.17007 1 7.85673 37.57603 0 6.59389 3.7975 4 4 
461 44.635215 10.970154 0.71682 4 0.55814 11.9808 0 0.97351 9.3325 3 1 
462 44.609587 10.864279 1.61198 2 1.87511 14.73976 0 4.65248 5.3325 5 1 
463 44.608845 10.865446 1.61198 2 1.87511 14.73976 0 4.65248 5.3325 5 1 
464 44.560000 11.026496 2.18337 3 2.86092 12.87719 0 9.76457 7.3525 1 2 
465 44.658690 10.932794 1.26791 1 3.04286 21.33838 0 7.54948 3.3550 2 2 
466 44.637135 10.912478 1.61198 2 1.87511 14.73976 0 4.65248 5.3325 5 1 
467 44.877803 11.073044 6.17007 1 7.85673 37.57603 0 6.59389 3.7975 4 4 
468 44.654331 10.881274 2.18337 3 2.86092 12.87719 0 9.76457 7.3525 1 2 
469 44.636749 10.932037 1.61198 2 1.87511 14.73976 0 4.65248 5.3325 5 1 
470 44.650747 10.897213 1.26791 1 3.04286 21.33838 0 7.54948 3.3550 2 2 
471 44.635689 10.913056 6.17007 1 7.85673 37.57603 0 6.59389 3.7975 4 4 
472 44.655725 10.924865 6.17007 1 7.85673 37.57603 0 6.59389 3.7975 4 4 
473 44.659895 10.899966 1.61198 2 1.87511 14.73976 0 4.65248 5.3325 5 1 
474 44.653254 10.932656 6.17007 1 7.85673 37.57603 0 6.59389 3.7975 4 4 
475 44.670308 11.043170 2.18337 3 2.86092 12.87719 0 9.76457 7.3525 1 2 
476 44.636439 10.950364 6.17007 1 7.85673 37.57603 0 6.59389 3.7975 4 4 
477 44.643300 10.920191 2.18337 3 2.86092 12.87719 0 9.76457 7.3525 1 2 
478 44.691359 10.846343 1.26791 1 3.04286 21.33838 0 7.54948 3.3550 2 2 
479 44.627167 10.952076 1.61198 2 1.87511 14.73976 0 4.65248 5.3325 5 1 
480 44.688568 10.916532 0.71682 4 0.55814 11.9808 0 0.97351 9.3325 3 1 
481 44.656430 10.935697 2.18337 3 2.86092 12.87719 0 9.76457 7.3525 1 2 
482 44.641647 10.957794 1.61198 2 1.87511 14.73976 0 4.65248 5.3325 5 1 
483 44.594598 10.958338 2.18337 3 2.86092 12.87719 0 9.76457 7.3525 1 2 
484 44.693870 10.965992 0.71682 4 0.55814 11.9808 0 0.97351 9.3325 3 1 
485 44.653310 10.921860 6.17007 1 7.85673 37.57603 0 6.59389 3.7975 4 4 
486 44.634501 10.918805 2.18337 3 2.86092 12.87719 0 9.76457 7.3525 1 2 
487 44.626534 10.941492 0.71682 4 0.55814 11.9808 0 0.97351 9.3325 3 1 
488 44.562515 10.846061 6.17007 1 7.85673 37.57603 0 6.59389 3.7975 4 4 
489 44.726204 11.040994 2.18337 3 2.86092 12.87719 0 9.76457 7.3525 1 2 
490 44.536092 10.785718 1.61198 2 1.87511 14.73976 0 4.65248 5.3325 5 1 
491 44.645877 10.928974 6.17007 1 7.85673 37.57603 0 6.59389 3.7975 4 4 
492 44.632991 10.950615 0.71682 4 0.55814 11.9808 0 0.97351 9.3325 3 1 
493 44.633702 10.918978 0.71682 4 0.55814 11.9808 0 0.97351 9.3325 3 1 
494 44.695732 10.985324 1.26791 1 3.04286 21.33838 0 7.54948 3.3550 2 2 
495 44.661768 10.943031 2.18337 3 2.86092 12.87719 0 9.76457 7.3525 1 2 
496 44.649759 10.900387 1.26791 1 3.04286 21.33838 0 7.54948 3.3550 2 2 
497 44.645606 10.841911 6.17007 1 7.85673 37.57603 0 6.59389 3.7975 4 4 
498 44.646676 10.924996 1.61198 2 1.87511 14.73976 0 4.65248 5.3325 5 1 
499 44.645684 10.913780 0.71682 4 0.55814 11.9808 0 0.97351 9.3325 3 1 
500 44.620544 10.884007 1.26791 1 3.04286 21.33838 0 7.54948 3.3550 2 2 
501 44.849458 11.207727 1.61198 2 1.87511 14.73976 0 4.65248 5.3325 5 1 
502 44.629604 10.975063 6.17007 1 7.85673 37.57603 0 6.59389 3.7975 4 4 
503 44.350279 10.570652 2.18337 3 2.86092 12.87719 0 9.76457 7.3525 1 2 
504 44.654831 10.929634 6.17007 1 7.85673 37.57603 0 6.59389 3.7975 4 4 
505 44.673515 11.012144 1.26791 1 3.04286 21.33838 0 7.54948 3.3550 2 2 
506 44.593203 10.947346 1.61198 2 1.87511 14.73976 0 4.65248 5.3325 5 1 
507 44.646258 10.920909 6.17007 1 7.85673 37.57603 0 6.59389 3.7975 4 4 
508 44.613327 10.938955 6.17007 1 7.85673 37.57603 0 6.59389 3.7975 4 4 
509 44.648069 10.922534 0.71682 4 0.55814 11.9808 0 0.97351 9.3325 3 1 
510 44.643061 10.886084 6.17007 1 7.85673 37.57603 0 6.59389 3.7975 4 4 
511 44.231260 10.653671 1.61198 2 1.87511 14.73976 0 4.65248 5.3325 5 1 
512 44.661757 10.893162 0.71682 4 0.55814 11.9808 0 0.97351 9.3325 3 1 
513 44.650462 10.919184 1.61198 2 1.87511 14.73976 0 4.65248 5.3325 5 1 
514 44.530164 10.863294 0.71682 4 0.55814 11.9808 0 0.97351 9.3325 3 1 
515 44.623070 10.913917 2.18337 3 2.86092 12.87719 0 9.76457 7.3525 1 2 
516 44.690262 10.969892 6.17007 1 7.85673 37.57603 0 6.59389 3.7975 4 4 
517 44.620976 10.920928 1.61198 2 1.87511 14.73976 0 4.65248 5.3325 5 1 
518 44.636922 10.972156 0.71682 4 0.55814 11.9808 0 0.97351 9.3325 3 1 
519 44.647465 10.926259 2.18337 3 2.86092 12.87719 0 9.76457 7.3525 1 2 
520 44.661734 10.894775 1.26791 1 3.04286 21.33838 0 7.54948 3.3550 2 2 
521 44.578293 10.842339 0.71682 4 0.55814 11.9808 0 0.97351 9.3325 3 1 
522 44.884469 11.059152 1.61198 2 1.87511 14.73976 0 4.65248 5.3325 5 1 
523 44.641623 10.913198 0.71682 4 0.55814 11.9808 0 0.97351 9.3325 3 1 
524 44.710831 10.893089 1.26791 1 3.04286 21.33838 0 7.54948 3.3550 2 2 
525 44.634045 10.937597 1.61198 2 1.87511 14.73976 0 4.65248 5.3325 5 1 
526 44.630149 10.923425 6.17007 1 7.85673 37.57603 0 6.59389 3.7975 4 4 
527 44.574655 10.851296 1.26791 1 3.04286 21.33838 0 7.54948 3.3550 2 2 
528 44.620512 10.912136 1.26791 1 3.04286 21.33838 0 7.54948 3.3550 2 2 
529 44.649967 10.907460 6.17007 1 7.85673 37.57603 0 6.59389 3.7975 4 4 
530 44.651057 10.936047 6.17007 1 7.85673 37.57603 0 6.59389 3.7975 4 4 
531 44.632033 10.921797 0.71682 4 0.55814 11.9808 0 0.97351 9.3325 3 1 
532 44.637525 10.928231 1.61198 2 1.87511 14.73976 0 4.65248 5.3325 5 1 
533 44.588975 10.953107 2.18337 3 2.86092 12.87719 0 9.76457 7.3525 1 2 
534 44.542617 10.943059 1.61198 2 1.87511 14.73976 0 4.65248 5.3325 5 1 
535 44.667212 10.938491 1.61198 2 1.87511 14.73976 0 4.65248 5.3325 5 1 
536 44.658389 10.930665 0.71682 4 0.55814 11.9808 0 0.97351 9.3325 3 1 
537 44.639677 10.958649 1.26791 1 3.04286 21.33838 0 7.54948 3.3550 2 2 
538 44.652534 10.931085 1.26791 1 3.04286 21.33838 0 7.54948 3.3550 2 2 
539 44.666557 10.913467 1.61198 2 1.87511 14.73976 0 4.65248 5.3325 5 1 
540 44.655052 10.895586 1.61198 2 1.87511 14.73976 0 4.65248 5.3325 5 1 
541 44.857534 11.205391 0.71682 4 0.55814 11.9808 0 0.97351 9.3325 3 1 
542 44.669187 10.901785 6.17007 1 7.85673 37.57603 0 6.59389 3.7975 4 4 
543 44.637011 10.903547 2.18337 3 2.86092 12.87719 0 9.76457 7.3525 1 2 
544 44.638285 10.894099 0.71682 4 0.55814 11.9808 0 0.97351 9.3325 3 1 
545 44.500456 11.021603 0.71682 4 0.55814 11.9808 0 0.97351 9.3325 3 1 
546 44.641964 10.923701 0.71682 4 0.55814 11.9808 0 0.97351 9.3325 3 1 
547 44.624223 10.973547 1.26791 1 3.04286 21.33838 0 7.54948 3.3550 2 2 
548 44.634406 10.975937 1.26791 1 3.04286 21.33838 0 7.54948 3.3550 2 2 
549 44.580871 10.919996 1.26791 1 3.04286 21.33838 0 7.54948 3.3550 2 2 
550 44.636391 10.935298 0.71682 4 0.55814 11.9808 0 0.97351 9.3325 3 1 
551 44.653016 10.926072 0.71682 4 0.55814 11.9808 0 0.97351 9.3325 3 1 
552 44.637602 10.909784 1.26791 1 3.04286 21.33838 0 7.54948 3.3550 2 2 
553 44.647885 10.927507 0.71682 4 0.55814 11.9808 0 0.97351 9.3325 3 1 
554 44.647346 10.929423 1.26791 1 3.04286 21.33838 0 7.54948 3.3550 2 2 
555 44.657133 10.901686 0.71682 4 0.55814 11.9808 0 0.97351 9.3325 3 1 
556 44.696272 10.917355 2.18337 3 2.86092 12.87719 0 9.76457 7.3525 1 2 
557 44.631904 10.899614 0.71682 4 0.55814 11.9808 0 0.97351 9.3325 3 1 
558 44.621012 10.917444 0.71682 4 0.55814 11.9808 0 0.97351 9.3325 3 1 
559 44.642964 10.898701 1.26791 1 3.04286 21.33838 0 7.54948 3.3550 2 2 
560 44.611158 10.892885 6.17007 1 7.85673 37.57603 0 6.59389 3.7975 4 4 
561 44.644965 10.924770 0.71682 4 0.55814 11.9808 0 0.97351 9.3325 3 1 
562 44.643622 10.924285 1.61198 2 1.87511 14.73976 0 4.65248 5.3325 5 1 
563 44.549662 10.933736 2.18337 3 2.86092 12.87719 0 9.76457 7.3525 1 2 
564 44.604908 10.864639 1.26791 1 3.04286 21.33838 0 7.54948 3.3550 2 2 
565 44.628366 10.833977 1.61198 2 1.87511 14.73976 0 4.65248 5.3325 5 1 
566 44.645527 10.929868 6.17007 1 7.85673 37.57603 0 6.59389 3.7975 4 4 
567 44.675251 11.032612 1.61198 2 1.87511 14.73976 0 4.65248 5.3325 5 1 
568 44.667786 10.937702 1.61198 2 1.87511 14.73976 0 4.65248 5.3325 5 1 
569 44.644582 10.916699 1.61198 2 1.87511 14.73976 0 4.65248 5.3325 5 1 
570 44.684926 10.967801 1.61198 2 1.87511 14.73976 0 4.65248 5.3325 5 1 
571 44.644519 10.923326 0.71682 4 0.55814 11.9808 0 0.97351 9.3325 3 1 
572 44.704257 10.946627 0.71682 4 0.55814 11.9808 0 0.97351 9.3325 3 1 
573 44.643125 10.923329 1.61198 2 1.87511 14.73976 0 4.65248 5.3325 5 1 
574 44.644201 10.921690 0.71682 4 0.55814 11.9808 0 0.97351 9.3325 3 1 
575 44.634073 10.933342 2.18337 3 2.86092 12.87719 0 9.76457 7.3525 1 2 
576 44.653741 10.915598 0.71682 4 0.55814 11.9808 0 0.97351 9.3325 3 1 
577 44.635764 10.971245 6.17007 1 7.85673 37.57603 0 6.59389 3.7975 4 4 
578 44.632720 10.904139 1.26791 1 3.04286 21.33838 0 7.54948 3.3550 2 2 
579 44.621414 10.938813 0.71682 4 0.55814 11.9808 0 0.97351 9.3325 3 1 
580 44.650637 10.954982 0.71682 4 0.55814 11.9808 0 0.97351 9.3325 3 1 
581 44.667430 10.911528 2.18337 3 2.86092 12.87719 0 9.76457 7.3525 1 2 
582 44.632796 10.961863 6.17007 1 7.85673 37.57603 0 6.59389 3.7975 4 4 
583 44.639686 10.959344 1.26791 1 3.04286 21.33838 0 7.54948 3.3550 2 2 
584 44.646389 10.918171 6.17007 1 7.85673 37.57603 0 6.59389 3.7975 4 4 
585 44.642272 10.911903 6.17007 1 7.85673 37.57603 0 6.59389 3.7975 4 4 
586 44.631749 10.916527 6.17007 1 7.85673 37.57603 0 6.59389 3.7975 4 4 
587 44.617164 10.871696 6.17007 1 7.85673 37.57603 0 6.59389 3.7975 4 4 
588 44.654557 10.914575 2.18337 3 2.86092 12.87719 0 9.76457 7.3525 1 2 
589 44.788902 11.135891 2.18337 3 2.86092 12.87719 0 9.76457 7.3525 1 2 
590 44.643971 10.898794 1.61198 2 1.87511 14.73976 0 4.65248 5.3325 5 1 
591 44.899278 11.064949 1.26791 1 3.04286 21.33838 0 7.54948 3.3550 2 2 
592 44.617010 10.924227 1.26791 1 3.04286 21.33838 0 7.54948 3.3550 2 2 
593 44.650766 10.895095 2.18337 3 2.86092 12.87719 0 9.76457 7.3525 1 2 
594 44.643308 10.929525 2.18337 3 2.86092 12.87719 0 9.76457 7.3525 1 2 
595 44.654628 10.929789 1.61198 2 1.87511 14.73976 0 4.65248 5.3325 5 1 
596 44.639516 10.937508 0.71682 4 0.55814 11.9808 0 0.97351 9.3325 3 1 
597 44.606553 10.863299 0.71682 4 0.55814 11.9808 0 0.97351 9.3325 3 1 
598 44.651742 10.927013 1.61198 2 1.87511 14.73976 0 4.65248 5.3325 5 1 
599 44.655270 10.962604 1.26791 1 3.04286 21.33838 0 7.54948 3.3550 2 2 
600 44.628194 10.942825 1.61198 2 1.87511 14.73976 0 4.65248 5.3325 5 1 
601 44.653356 10.916260 1.61198 2 1.87511 14.73976 0 4.65248 5.3325 5 1 
602 44.640399 10.963117 1.61198 2 1.87511 14.73976 0 4.65248 5.3325 5 1 
603 44.643971 10.931975 6.17007 1 7.85673 37.57603 0 6.59389 3.7975 4 4 
604 44.603614 10.968888 0.71682 4 0.55814 11.9808 0 0.97351 9.3325 3 1 
605 44.641140 10.967674 1.26791 1 3.04286 21.33838 0 7.54948 3.3550 2 2 
606 44.650909 10.902984 1.61198 2 1.87511 14.73976 0 4.65248 5.3325 5 1 
607 44.647224 10.937482 1.61198 2 1.87511 14.73976 0 4.65248 5.3325 5 1 
608 44.578913 10.938206 1.26791 1 3.04286 21.33838 0 7.54948 3.3550 2 2 
609 44.666988 10.913848 6.17007 1 7.85673 37.57603 0 6.59389 3.7975 4 4 
610 44.629040 10.975422 0.71682 4 0.55814 11.9808 0 0.97351 9.3325 3 1 
611 44.627388 10.947458 1.61198 2 1.87511 14.73976 0 4.65248 5.3325 5 1 
612 44.585900 10.971445 0.71682 4 0.55814 11.9808 0 0.97351 9.3325 3 1 
613 44.627402 10.891416 6.17007 1 7.85673 37.57603 0 6.59389 3.7975 4 4 
614 44.628293 10.922684 2.18337 3 2.86092 12.87719 0 9.76457 7.3525 1 2 
615 44.850090 11.065451 1.61198 2 1.87511 14.73976 0 4.65248 5.3325 5 1 
616 44.585973 10.971270 6.17007 1 7.85673 37.57603 0 6.59389 3.7975 4 4 
617 44.670502 10.934840 1.61198 2 1.87511 14.73976 0 4.65248 5.3325 5 1 
618 44.662205 10.929626 1.26791 1 3.04286 21.33838 0 7.54948 3.3550 2 2 
619 44.645877 10.928974 2.18337 3 2.86092 12.87719 0 9.76457 7.3525 1 2 
620 44.653078 10.913648 6.17007 1 7.85673 37.57603 0 6.59389 3.7975 4 4 
621 44.591613 10.957505 6.17007 1 7.85673 37.57603 0 6.59389 3.7975 4 4 
622 44.714071 10.898405 6.17007 1 7.85673 37.57603 0 6.59389 3.7975 4 4 
623 44.647058 10.842760 6.17007 1 7.85673 37.57603 0 6.59389 3.7975 4 4 
624 44.615921 10.927205 0.71682 4 0.55814 11.9808 0 0.97351 9.3325 3 1 
625 44.636657 10.910483 1.26791 1 3.04286 21.33838 0 7.54948 3.3550 2 2 
626 44.601415 10.977811 0.71682 4 0.55814 11.9808 0 0.97351 9.3325 3 1 
627 44.602597 10.971684 0.71682 4 0.55814 11.9808 0 0.97351 9.3325 3 1 
628 44.627301 10.903417 1.26791 1 3.04286 21.33838 0 7.54948 3.3550 2 2 
629 44.641374 10.919607 2.18337 3 2.86092 12.87719 0 9.76457 7.3525 1 2 
630 44.620273 10.890021 1.61198 2 1.87511 14.73976 0 4.65248 5.3325 5 1 
631 44.651426 10.931734 6.17007 1 7.85673 37.57603 0 6.59389 3.7975 4 4 
632 44.649934 10.932892 6.17007 1 7.85673 37.57603 0 6.59389 3.7975 4 4 
633 44.640750 10.819774 6.17007 1 7.85673 37.57603 0 6.59389 3.7975 4 4 
634 44.630928 10.901713 2.18337 3 2.86092 12.87719 0 9.76457 7.3525 1 2 
635 44.659224 10.892006 0.71682 4 0.55814 11.9808 0 0.97351 9.3325 3 1 
636 44.602907 10.970402 1.61198 2 1.87511 14.73976 0 4.65248 5.3325 5 1 
637 44.657704 10.913445 6.17007 1 7.85673 37.57603 0 6.59389 3.7975 4 4 
638 44.885152 11.052974 1.61198 2 1.87511 14.73976 0 4.65248 5.3325 5 1 
639 44.635985 10.956004 6.17007 1 7.85673 37.57603 0 6.59389 3.7975 4 4 
640 44.638667 10.931792 2.18337 3 2.86092 12.87719 0 9.76457 7.3525 1 2 
641 44.638321 10.908776 6.17007 1 7.85673 37.57603 0 6.59389 3.7975 4 4 
642 44.730828 10.925050 6.17007 1 7.85673 37.57603 0 6.59389 3.7975 4 4 
643 44.641862 10.832317 1.26791 1 3.04286 21.33838 0 7.54948 3.3550 2 2 
644 44.595792 10.973233 6.17007 1 7.85673 37.57603 0 6.59389 3.7975 4 4 
645 44.586460 10.971802 0.71682 4 0.55814 11.9808 0 0.97351 9.3325 3 1 
646 44.547036 10.791965 2.18337 3 2.86092 12.87719 0 9.76457 7.3525 1 2 
647 44.599069 10.980159 1.61198 2 1.87511 14.73976 0 4.65248 5.3325 5 1 
648 44.601714 10.971095 1.26791 1 3.04286 21.33838 0 7.54948 3.3550 2 2 
649 44.635966 10.934109 0.71682 4 0.55814 11.9808 0 0.97351 9.3325 3 1 
650 44.543522 10.781224 2.18337 3 2.86092 12.87719 0 9.76457 7.3525 1 2 
651 44.527046 10.874341 6.17007 1 7.85673 37.57603 0 6.59389 3.7975 4 4 
652 44.628281 10.896484 1.61198 2 1.87511 14.73976 0 4.65248 5.3325 5 1 
653 44.630239 10.974414 2.18337 3 2.86092 12.87719 0 9.76457 7.3525 1 2 
654 44.537016 10.791756 0.71682 4 0.55814 11.9808 0 0.97351 9.3325 3 1 
655 44.657216 10.932591 6.17007 1 7.85673 37.57603 0 6.59389 3.7975 4 4 
656 44.629612 10.951159 6.17007 1 7.85673 37.57603 0 6.59389 3.7975 4 4 
657 44.657566 10.902329 1.26791 1 3.04286 21.33838 0 7.54948 3.3550 2 2 
658 44.631288 10.903670 0.71682 4 0.55814 11.9808 0 0.97351 9.3325 3 1 
659 44.627062 10.918328 1.61198 2 1.87511 14.73976 0 4.65248 5.3325 5 1 
660 44.630385 10.922742 0.71682 4 0.55814 11.9808 0 0.97351 9.3325 3 1 
661 44.576465 10.839595 6.17007 1 7.85673 37.57603 0 6.59389 3.7975 4 4 
662 44.668651 10.933893 1.26791 1 3.04286 21.33838 0 7.54948 3.3550 2 2 
663 44.645988 10.925689 1.61198 2 1.87511 14.73976 0 4.65248 5.3325 5 1 
664 44.609512 10.989024 1.26791 1 3.04286 21.33838 0 7.54948 3.3550 2 2 
665 44.890527 10.902993 2.18337 3 2.86092 12.87719 0 9.76457 7.3525 1 2 
666 44.688721 10.965529 0.71682 4 0.55814 11.9808 0 0.97351 9.3325 3 1 
667 44.643863 10.925188 1.61198 2 1.87511 14.73976 0 4.65248 5.3325 5 1 
668 44.652394 10.941063 1.61198 2 1.87511 14.73976 0 4.65248 5.3325 5 1 
669 44.645791 10.920157 6.17007 1 7.85673 37.57603 0 6.59389 3.7975 4 4 
670 44.634697 10.906682 6.17007 1 7.85673 37.57603 0 6.59389 3.7975 4 4 
671 44.666354 10.935281 2.18337 3 2.86092 12.87719 0 9.76457 7.3525 1 2 
672 44.640826 10.908093 2.18337 3 2.86092 12.87719 0 9.76457 7.3525 1 2 
673 44.646686 10.932939 2.18337 3 2.86092 12.87719 0 9.76457 7.3525 1 2 
674 44.617017 10.932033 1.61198 2 1.87511 14.73976 0 4.65248 5.3325 5 1 
675 44.638480 10.899030 6.17007 1 7.85673 37.57603 0 6.59389 3.7975 4 4 
676 44.646026 10.846565 1.26791 1 3.04286 21.33838 0 7.54948 3.3550 2 2 
677 44.629577 10.870020 1.26791 1 3.04286 21.33838 0 7.54948 3.3550 2 2 
678 44.639138 10.915636 0.71682 4 0.55814 11.9808 0 0.97351 9.3325 3 1 
679 44.635558 10.907146 6.17007 1 7.85673 37.57603 0 6.59389 3.7975 4 4 
680 44.638472 10.918212 2.18337 3 2.86092 12.87719 0 9.76457 7.3525 1 2 
681 44.607556 10.860359 2.18337 3 2.86092 12.87719 0 9.76457 7.3525 1 2 
682 44.642117 10.964191 6.17007 1 7.85673 37.57603 0 6.59389 3.7975 4 4 
683 44.677450 11.040029 1.61198 2 1.87511 14.73976 0 4.65248 5.3325 5 1 
684 44.632002 10.951581 1.61198 2 1.87511 14.73976 0 4.65248 5.3325 5 1 
685 44.659502 10.901343 1.61198 2 1.87511 14.73976 0 4.65248 5.3325 5 1 
686 44.626907 10.904886 6.17007 1 7.85673 37.57603 0 6.59389 3.7975 4 4 
687 44.628163 10.893693 6.17007 1 7.85673 37.57603 0 6.59389 3.7975 4 4 
688 44.643637 10.929737 1.61198 2 1.87511 14.73976 0 4.65248 5.3325 5 1 
689 44.636492 10.962648 0.71682 4 0.55814 11.9808 0 0.97351 9.3325 3 1 
690 44.654604 10.959821 1.61198 2 1.87511 14.73976 0 4.65248 5.3325 5 1 
691 44.613852 10.887416 2.18337 3 2.86092 12.87719 0 9.76457 7.3525 1 2 
692 44.621478 10.909658 1.26791 1 3.04286 21.33838 0 7.54948 3.3550 2 2 
693 44.688915 10.919713 2.18337 3 2.86092 12.87719 0 9.76457 7.3525 1 2 
694 44.633327 10.936376 0.71682 4 0.55814 11.9808 0 0.97351 9.3325 3 1 
695 44.638130 10.973288 0.71682 4 0.55814 11.9808 0 0.97351 9.3325 3 1 
696 44.674217 10.952219 0.71682 4 0.55814 11.9808 0 0.97351 9.3325 3 1 
697 44.638736 10.965669 2.18337 3 2.86092 12.87719 0 9.76457 7.3525 1 2 
698 44.550152 10.924810 0.71682 4 0.55814 11.9808 0 0.97351 9.3325 3 1 
699 44.629734 10.970472 1.61198 2 1.87511 14.73976 0 4.65248 5.3325 5 1 
700 44.645031 10.901825 1.61198 2 1.87511 14.73976 0 4.65248 5.3325 5 1 
701 44.648266 10.909767 6.17007 1 7.85673 37.57603 0 6.59389 3.7975 4 4 
702 44.625685 10.944142 1.26791 1 3.04286 21.33838 0 7.54948 3.3550 2 2 
703 44.640327 10.918668 2.18337 3 2.86092 12.87719 0 9.76457 7.3525 1 2 
704 44.629552 10.902643 2.18337 3 2.86092 12.87719 0 9.76457 7.3525 1 2 
705 44.600149 10.860586 2.18337 3 2.86092 12.87719 0 9.76457 7.3525 1 2 
706 44.682634 10.907414 2.18337 3 2.86092 12.87719 0 9.76457 7.3525 1 2 
707 44.667966 10.937350 2.18337 3 2.86092 12.87719 0 9.76457 7.3525 1 2 
708 44.655234 10.962582 2.18337 3 2.86092 12.87719 0 9.76457 7.3525 1 2 
709 44.640096 10.893330 2.18337 3 2.86092 12.87719 0 9.76457 7.3525 1 2 
710 44.674861 10.930522 6.17007 1 7.85673 37.57603 0 6.59389 3.7975 4 4 
711 44.630848 10.935448 1.26791 1 3.04286 21.33838 0 7.54948 3.3550 2 2 
712 44.618136 10.924923 6.17007 1 7.85673 37.57603 0 6.59389 3.7975 4 4 
713 44.535869 11.016590 1.26791 1 3.04286 21.33838 0 7.54948 3.3550 2 2 
714 44.640107 10.896095 2.18337 3 2.86092 12.87719 0 9.76457 7.3525 1 2 
715 44.650097 10.939213 0.71682 4 0.55814 11.9808 0 0.97351 9.3325 3 1 
716 44.645950 10.911430 1.61198 2 1.87511 14.73976 0 4.65248 5.3325 5 1 
717 44.640469 10.917892 6.17007 1 7.85673 37.57603 0 6.59389 3.7975 4 4 
718 44.655157 10.937415 1.26791 1 3.04286 21.33838 0 7.54948 3.3550 2 2 
719 44.646366 10.925770 6.17007 1 7.85673 37.57603 0 6.59389 3.7975 4 4 
720 44.621911 10.937752 0.71682 4 0.55814 11.9808 0 0.97351 9.3325 3 1 
721 44.660610 10.899717 0.71682 4 0.55814 11.9808 0 0.97351 9.3325 3 1 
722 44.531849 10.880748 2.18337 3 2.86092 12.87719 0 9.76457 7.3525 1 2 
723 44.626765 10.930694 0.71682 4 0.55814 11.9808 0 0.97351 9.3325 3 1 
724 44.631483 10.966768 1.26791 1 3.04286 21.33838 0 7.54948 3.3550 2 2 
725 44.704346 10.900756 1.61198 2 1.87511 14.73976 0 4.65248 5.3325 5 1 
726 44.646765 10.924365 2.18337 3 2.86092 12.87719 0 9.76457 7.3525 1 2 
727 44.525286 10.893328 6.17007 1 7.85673 37.57603 0 6.59389 3.7975 4 4 
728 44.653593 10.902316 0.71682 4 0.55814 11.9808 0 0.97351 9.3325 3 1 
729 44.287734 10.673753 6.17007 1 7.85673 37.57603 0 6.59389 3.7975 4 4 
730 44.618683 10.932906 0.71682 4 0.55814 11.9808 0 0.97351 9.3325 3 1 
731 44.684816 10.890356 0.71682 4 0.55814 11.9808 0 0.97351 9.3325 3 1 
732 44.630983 10.937609 1.26791 1 3.04286 21.33838 0 7.54948 3.3550 2 2 
733 44.586021 10.915017 2.18337 3 2.86092 12.87719 0 9.76457 7.3525 1 2 
734 44.640641 10.966316 1.26791 1 3.04286 21.33838 0 7.54948 3.3550 2 2 
735 44.635559 10.948633 1.61198 2 1.87511 14.73976 0 4.65248 5.3325 5 1 
736 44.563985 10.805434 6.17007 1 7.85673 37.57603 0 6.59389 3.7975 4 4 
737 44.629322 10.918539 2.18337 3 2.86092 12.87719 0 9.76457 7.3525 1 2 
738 44.636347 10.895024 2.18337 3 2.86092 12.87719 0 9.76457 7.3525 1 2 
739 44.652963 10.941439 0.71682 4 0.55814 11.9808 0 0.97351 9.3325 3 1 
740 44.634962 10.908556 1.61198 2 1.87511 14.73976 0 4.65248 5.3325 5 1 
741 44.688915 10.919713 1.61198 2 1.87511 14.73976 0 4.65248 5.3325 5 1 
742 44.604387 10.968903 6.17007 1 7.85673 37.57603 0 6.59389 3.7975 4 4 
743 44.655253 10.886457 2.18337 3 2.86092 12.87719 0 9.76457 7.3525 1 2 
744 44.654995 10.877398 6.17007 1 7.85673 37.57603 0 6.59389 3.7975 4 4 
745 44.645781 10.923031 0.71682 4 0.55814 11.9808 0 0.97351 9.3325 3 1 
746 44.800015 10.992203 1.61198 2 1.87511 14.73976 0 4.65248 5.3325 5 1 
747 44.622545 10.929545 6.17007 1 7.85673 37.57603 0 6.59389 3.7975 4 4 
748 44.637842 10.935338 6.17007 1 7.85673 37.57603 0 6.59389 3.7975 4 4 
749 44.627633 10.896664 1.26791 1 3.04286 21.33838 0 7.54948 3.3550 2 2 
750 44.628446 10.914559 1.26791 1 3.04286 21.33838 0 7.54948 3.3550 2 2 
751 44.637133 10.913905 1.61198 2 1.87511 14.73976 0 4.65248 5.3325 5 1 
752 44.662224 10.888894 6.17007 1 7.85673 37.57603 0 6.59389 3.7975 4 4 
753 44.633814 10.918435 6.17007 1 7.85673 37.57603 0 6.59389 3.7975 4 4 
754 44.647742 10.927925 1.26791 1 3.04286 21.33838 0 7.54948 3.3550 2 2 
755 44.616335 10.927542 0.71682 4 0.55814 11.9808 0 0.97351 9.3325 3 1 
756 44.629529 10.963538 1.26791 1 3.04286 21.33838 0 7.54948 3.3550 2 2 
757 44.622417 10.916021 1.61198 2 1.87511 14.73976 0 4.65248 5.3325 5 1 
758 44.697617 10.905624 6.17007 1 7.85673 37.57603 0 6.59389 3.7975 4 4 
759 44.670082 10.869722 2.18337 3 2.86092 12.87719 0 9.76457 7.3525 1 2 
760 44.637409 10.949981 6.17007 1 7.85673 37.57603 0 6.59389 3.7975 4 4 
761 44.657087 10.961335 2.18337 3 2.86092 12.87719 0 9.76457 7.3525 1 2 
762 44.643647 10.916386 0.71682 4 0.55814 11.9808 0 0.97351 9.3325 3 1 
763 44.618619 10.887601 1.61198 2 1.87511 14.73976 0 4.65248 5.3325 5 1 
764 44.628547 10.911876 1.61198 2 1.87511 14.73976 0 4.65248 5.3325 5 1 
765 44.672752 10.933463 1.26791 1 3.04286 21.33838 0 7.54948 3.3550 2 2 
766 44.656381 10.903127 2.18337 3 2.86092 12.87719 0 9.76457 7.3525 1 2 
767 44.656150 10.969054 6.17007 1 7.85673 37.57603 0 6.59389 3.7975 4 4 
768 44.635731 10.871516 0.71682 4 0.55814 11.9808 0 0.97351 9.3325 3 1 
769 44.633656 10.899052 1.26791 1 3.04286 21.33838 0 7.54948 3.3550 2 2 
770 44.634192 10.925248 0.71682 4 0.55814 11.9808 0 0.97351 9.3325 3 1 
771 44.842036 11.057235 1.61198 2 1.87511 14.73976 0 4.65248 5.3325 5 1 
772 44.637533 10.913619 1.26791 1 3.04286 21.33838 0 7.54948 3.3550 2 2 
773 44.631074 10.951644 1.61198 2 1.87511 14.73976 0 4.65248 5.3325 5 1 
774 44.535858 10.814282 2.18337 3 2.86092 12.87719 0 9.76457 7.3525 1 2 
775 44.546610 10.777632 1.26791 1 3.04286 21.33838 0 7.54948 3.3550 2 2 
776 44.646067 10.852251 6.17007 1 7.85673 37.57603 0 6.59389 3.7975 4 4 
777 44.638342 10.917931 2.18337 3 2.86092 12.87719 0 9.76457 7.3525 1 2 
778 44.656173 10.914561 0.71682 4 0.55814 11.9808 0 0.97351 9.3325 3 1 
779 44.644588 10.887783 1.61198 2 1.87511 14.73976 0 4.65248 5.3325 5 1 
780 44.652093 10.934599 2.18337 3 2.86092 12.87719 0 9.76457 7.3525 1 2 
781 44.530956 11.015722 2.18337 3 2.86092 12.87719 0 9.76457 7.3525 1 2 
782 44.892099 10.901418 0.71682 4 0.55814 11.9808 0 0.97351 9.3325 3 1 
783 44.651885 10.958244 1.26791 1 3.04286 21.33838 0 7.54948 3.3550 2 2 
784 44.635382 10.969646 0.71682 4 0.55814 11.9808 0 0.97351 9.3325 3 1 
785 44.536802 10.813365 2.18337 3 2.86092 12.87719 0 9.76457 7.3525 1 2 
786 44.631068 10.898911 6.17007 1 7.85673 37.57603 0 6.59389 3.7975 4 4 
787 44.671533 10.939246 1.61198 2 1.87511 14.73976 0 4.65248 5.3325 5 1 
788 44.512426 10.946981 2.18337 3 2.86092 12.87719 0 9.76457 7.3525 1 2 
789 44.880144 11.058174 0.71682 4 0.55814 11.9808 0 0.97351 9.3325 3 1 
790 44.651327 10.928222 1.26791 1 3.04286 21.33838 0 7.54948 3.3550 2 2 
791 44.659502 10.930154 1.61198 2 1.87511 14.73976 0 4.65248 5.3325 5 1 
792 44.886839 10.897389 2.18337 3 2.86092 12.87719 0 9.76457 7.3525 1 2 
793 44.624830 10.928146 0.71682 4 0.55814 11.9808 0 0.97351 9.3325 3 1 
794 44.629643 10.916028 0.71682 4 0.55814 11.9808 0 0.97351 9.3325 3 1 
795 44.635050 10.931091 0.71682 4 0.55814 11.9808 0 0.97351 9.3325 3 1 
796 44.651177 10.950521 1.61198 2 1.87511 14.73976 0 4.65248 5.3325 5 1 
797 44.654330 10.948790 6.17007 1 7.85673 37.57603 0 6.59389 3.7975 4 4 
798 44.653782 10.945181 1.61198 2 1.87511 14.73976 0 4.65248 5.3325 5 1 
799 44.653872 10.948739 1.26791 1 3.04286 21.33838 0 7.54948 3.3550 2 2 
800 44.653465 10.944126 1.61198 2 1.87511 14.73976 0 4.65248 5.3325 5 1 
801 44.651441 10.943968 2.18337 3 2.86092 12.87719 0 9.76457 7.3525 1 2 
802 44.654201 10.951187 1.61198 2 1.87511 14.73976 0 4.65248 5.3325 5 1 
803 44.652975 10.944591 0.71682 4 0.55814 11.9808 0 0.97351 9.3325 3 1 
804 44.654849 10.949426 0.71682 4 0.55814 11.9808 0 0.97351 9.3325 3 1 
805 44.653286 10.948375 1.61198 2 1.87511 14.73976 0 4.65248 5.3325 5 1 
806 44.654398 10.947156 0.71682 4 0.55814 11.9808 0 0.97351 9.3325 3 1 
807 44.640670 10.907158 0.71682 4 0.55814 11.9808 0 0.97351 9.3325 3 1 
808 44.665326 10.913667 1.26791 1 3.04286 21.33838 0 7.54948 3.3550 2 2 
809 44.641348 10.955361 0.71682 4 0.55814 11.9808 0 0.97351 9.3325 3 1 
810 44.640473 10.964498 2.18337 3 2.86092 12.87719 0 9.76457 7.3525 1 2 
811 44.738491 10.921015 2.18337 3 2.86092 12.87719 0 9.76457 7.3525 1 2 
812 44.644663 10.942872 2.18337 3 2.86092 12.87719 0 9.76457 7.3525 1 2 
813 44.647484 10.922107 6.17007 1 7.85673 37.57603 0 6.59389 3.7975 4 4 
814 44.653930 10.912998 2.18337 3 2.86092 12.87719 0 9.76457 7.3525 1 2 
815 44.624450 10.904349 6.17007 1 7.85673 37.57603 0 6.59389 3.7975 4 4 
816 44.658350 10.860539 6.17007 1 7.85673 37.57603 0 6.59389 3.7975 4 4 
817 44.630846 10.970793 2.18337 3 2.86092 12.87719 0 9.76457 7.3525 1 2 
818 44.664187 10.926576 0.71682 4 0.55814 11.9808 0 0.97351 9.3325 3 1 
819 44.658901 10.879782 2.18337 3 2.86092 12.87719 0 9.76457 7.3525 1 2 
820 44.643784 10.912655 0.71682 4 0.55814 11.9808 0 0.97351 9.3325 3 1 
821 44.665059 10.898412 0.71682 4 0.55814 11.9808 0 0.97351 9.3325 3 1 
822 44.507861 10.945151 6.17007 1 7.85673 37.57603 0 6.59389 3.7975 4 4 
823 44.641659 10.951828 6.17007 1 7.85673 37.57603 0 6.59389 3.7975 4 4 
824 44.629935 10.910739 6.17007 1 7.85673 37.57603 0 6.59389 3.7975 4 4 
825 44.603461 10.870396 6.17007 1 7.85673 37.57603 0 6.59389 3.7975 4 4 
826 44.579629 10.939832 2.18337 3 2.86092 12.87719 0 9.76457 7.3525 1 2 
827 44.627832 10.975776 2.18337 3 2.86092 12.87719 0 9.76457 7.3525 1 2 
828 44.524906 10.857139 1.26791 1 3.04286 21.33838 0 7.54948 3.3550 2 2 
829 44.649623 10.798980 2.18337 3 2.86092 12.87719 0 9.76457 7.3525 1 2 
830 44.637760 10.919078 6.17007 1 7.85673 37.57603 0 6.59389 3.7975 4 4 
831 44.883938 11.074567 1.61198 2 1.87511 14.73976 0 4.65248 5.3325 5 1 
832 44.642570 10.928215 6.17007 1 7.85673 37.57603 0 6.59389 3.7975 4 4 
833 44.709257 10.915417 6.17007 1 7.85673 37.57603 0 6.59389 3.7975 4 4 
834 44.643939 10.928933 1.26791 1 3.04286 21.33838 0 7.54948 3.3550 2 2 
835 44.615566 10.975004 0.71682 4 0.55814 11.9808 0 0.97351 9.3325 3 1 
836 44.661430 10.936986 2.18337 3 2.86092 12.87719 0 9.76457 7.3525 1 2 
837 44.625435 10.892523 6.17007 1 7.85673 37.57603 0 6.59389 3.7975 4 4 
838 44.638616 10.911739 0.71682 4 0.55814 11.9808 0 0.97351 9.3325 3 1 
839 44.622446 10.921893 2.18337 3 2.86092 12.87719 0 9.76457 7.3525 1 2 
840 44.647725 10.924663 6.17007 1 7.85673 37.57603 0 6.59389 3.7975 4 4 
841 44.644793 10.908556 6.17007 1 7.85673 37.57603 0 6.59389 3.7975 4 4 
842 44.625318 10.894154 6.17007 1 7.85673 37.57603 0 6.59389 3.7975 4 4 
843 44.646696 10.927112 1.61198 2 1.87511 14.73976 0 4.65248 5.3325 5 1 
844 44.652502 10.933116 0.71682 4 0.55814 11.9808 0 0.97351 9.3325 3 1 
845 44.585493 11.021807 1.61198 2 1.87511 14.73976 0 4.65248 5.3325 5 1 
846 44.891514 10.899811 0.71682 4 0.55814 11.9808 0 0.97351 9.3325 3 1 
847 44.625334 10.936794 1.26791 1 3.04286 21.33838 0 7.54948 3.3550 2 2 
848 44.640218 10.913038 1.26791 1 3.04286 21.33838 0 7.54948 3.3550 2 2 
849 44.629911 10.915059 0.71682 4 0.55814 11.9808 0 0.97351 9.3325 3 1 
850 44.632760 10.917931 1.61198 2 1.87511 14.73976 0 4.65248 5.3325 5 1 
851 44.631068 10.898911 1.61198 2 1.87511 14.73976 0 4.65248 5.3325 5 1 
852 44.652105 10.941882 1.61198 2 1.87511 14.73976 0 4.65248 5.3325 5 1 
853 44.641707 10.952831 0.71682 4 0.55814 11.9808 0 0.97351 9.3325 3 1 
854 44.654835 10.887203 1.26791 1 3.04286 21.33838 0 7.54948 3.3550 2 2 
855 44.659414 10.936595 6.17007 1 7.85673 37.57603 0 6.59389 3.7975 4 4 
856 44.630996 10.897647 6.17007 1 7.85673 37.57603 0 6.59389 3.7975 4 4 
857 44.690809 10.971557 2.18337 3 2.86092 12.87719 0 9.76457 7.3525 1 2 
858 44.614258 10.938231 0.71682 4 0.55814 11.9808 0 0.97351 9.3325 3 1 
859 44.633135 10.924720 0.71682 4 0.55814 11.9808 0 0.97351 9.3325 3 1 
860 44.669708 10.897511 1.61198 2 1.87511 14.73976 0 4.65248 5.3325 5 1 
861 44.751810 11.005553 6.17007 1 7.85673 37.57603 0 6.59389 3.7975 4 4 
862 44.659561 10.943448 2.18337 3 2.86092 12.87719 0 9.76457 7.3525 1 2 
863 44.571586 10.856023 1.61198 2 1.87511 14.73976 0 4.65248 5.3325 5 1 
864 44.674959 11.031031 2.18337 3 2.86092 12.87719 0 9.76457 7.3525 1 2 
865 44.604313 10.970174 1.26791 1 3.04286 21.33838 0 7.54948 3.3550 2 2 
866 44.634734 10.947882 6.17007 1 7.85673 37.57603 0 6.59389 3.7975 4 4 
867 44.644686 10.950389 1.26791 1 3.04286 21.33838 0 7.54948 3.3550 2 2 
868 44.690952 10.840938 2.18337 3 2.86092 12.87719 0 9.76457 7.3525 1 2 
869 44.647459 10.934743 0.71682 4 0.55814 11.9808 0 0.97351 9.3325 3 1 
870 44.584341 11.078741 1.61198 2 1.87511 14.73976 0 4.65248 5.3325 5 1 
871 44.630857 10.912677 6.17007 1 7.85673 37.57603 0 6.59389 3.7975 4 4 
872 44.646008 10.928593 1.26791 1 3.04286 21.33838 0 7.54948 3.3550 2 2 
873 44.647663 10.927899 1.61198 2 1.87511 14.73976 0 4.65248 5.3325 5 1 
874 44.686200 10.917084 0.71682 4 0.55814 11.9808 0 0.97351 9.3325 3 1 
875 44.650243 10.919688 1.61198 2 1.87511 14.73976 0 4.65248 5.3325 5 1 
876 44.670069 10.939413 6.17007 1 7.85673 37.57603 0 6.59389 3.7975 4 4 
877 44.565545 11.036248 0.71682 4 0.55814 11.9808 0 0.97351 9.3325 3 1 
878 44.607740 10.868669 0.71682 4 0.55814 11.9808 0 0.97351 9.3325 3 1 
879 44.626318 10.945224 0.71682 4 0.55814 11.9808 0 0.97351 9.3325 3 1 
880 44.567571 10.833677 6.17007 1 7.85673 37.57603 0 6.59389 3.7975 4 4 
881 44.644731 10.926218 0.71682 4 0.55814 11.9808 0 0.97351 9.3325 3 1 
882 44.625819 10.942849 1.61198 2 1.87511 14.73976 0 4.65248 5.3325 5 1 
883 44.666505 10.912130 1.61198 2 1.87511 14.73976 0 4.65248 5.3325 5 1 
884 44.629155 10.922538 1.26791 1 3.04286 21.33838 0 7.54948 3.3550 2 2 
885 44.629951 10.918383 1.26791 1 3.04286 21.33838 0 7.54948 3.3550 2 2 
886 44.613571 10.933750 1.61198 2 1.87511 14.73976 0 4.65248 5.3325 5 1 
887 44.657409 10.912315 0.71682 4 0.55814 11.9808 0 0.97351 9.3325 3 1 
888 44.657687 10.977480 6.17007 1 7.85673 37.57603 0 6.59389 3.7975 4 4 
889 44.630355 10.941384 1.61198 2 1.87511 14.73976 0 4.65248 5.3325 5 1 
890 44.647480 10.940212 6.17007 1 7.85673 37.57603 0 6.59389 3.7975 4 4 
891 44.652983 10.931346 6.17007 1 7.85673 37.57603 0 6.59389 3.7975 4 4 
892 44.640198 10.938021 1.26791 1 3.04286 21.33838 0 7.54948 3.3550 2 2 
893 44.838341 11.304238 1.61198 2 1.87511 14.73976 0 4.65248 5.3325 5 1 
894 44.624814 10.937688 1.26791 1 3.04286 21.33838 0 7.54948 3.3550 2 2 
895 44.619327 10.991242 1.61198 2 1.87511 14.73976 0 4.65248 5.3325 5 1 
896 44.610197 10.870414 1.26791 1 3.04286 21.33838 0 7.54948 3.3550 2 2 
897 44.653366 10.926021 6.17007 1 7.85673 37.57603 0 6.59389 3.7975 4 4 
898 44.648444 10.925599 0.71682 4 0.55814 11.9808 0 0.97351 9.3325 3 1 
899 44.575950 10.836631 1.61198 2 1.87511 14.73976 0 4.65248 5.3325 5 1 
900 44.841945 10.959503 6.17007 1 7.85673 37.57603 0 6.59389 3.7975 4 4 
901 44.655970 10.949777 2.18337 3 2.86092 12.87719 0 9.76457 7.3525 1 2 
902 44.625200 10.925519 6.17007 1 7.85673 37.57603 0 6.59389 3.7975 4 4 
903 44.647604 10.943819 1.26791 1 3.04286 21.33838 0 7.54948 3.3550 2 2 
904 44.617622 10.932177 1.26791 1 3.04286 21.33838 0 7.54948 3.3550 2 2 
905 44.658991 10.881291 6.17007 1 7.85673 37.57603 0 6.59389 3.7975 4 4 
906 44.637326 10.938163 2.18337 3 2.86092 12.87719 0 9.76457 7.3525 1 2 
907 44.627114 10.948538 1.61198 2 1.87511 14.73976 0 4.65248 5.3325 5 1 
908 44.713931 10.913336 0.71682 4 0.55814 11.9808 0 0.97351 9.3325 3 1 
909 44.641298 10.909027 2.18337 3 2.86092 12.87719 0 9.76457 7.3525 1 2 
910 44.648309 10.920084 1.61198 2 1.87511 14.73976 0 4.65248 5.3325 5 1 
911 44.649160 10.923931 1.61198 2 1.87511 14.73976 0 4.65248 5.3325 5 1 
912 44.644287 10.912538 0.71682 4 0.55814 11.9808 0 0.97351 9.3325 3 1 
913 44.647155 10.938929 1.61198 2 1.87511 14.73976 0 4.65248 5.3325 5 1 
914 44.623788 10.933311 6.17007 1 7.85673 37.57603 0 6.59389 3.7975 4 4 
915 44.628905 10.919377 6.17007 1 7.85673 37.57603 0 6.59389 3.7975 4 4 
916 44.845700 11.072764 1.61198 2 1.87511 14.73976 0 4.65248 5.3325 5 1 
917 44.667607 10.946827 2.18337 3 2.86092 12.87719 0 9.76457 7.3525 1 2 
918 44.668482 10.864839 0.71682 4 0.55814 11.9808 0 0.97351 9.3325 3 1 
919 44.652706 10.934439 1.26791 1 3.04286 21.33838 0 7.54948 3.3550 2 2 
920 44.689984 10.974721 1.61198 2 1.87511 14.73976 0 4.65248 5.3325 5 1 
921 44.631652 10.919490 0.71682 4 0.55814 11.9808 0 0.97351 9.3325 3 1 
922 44.648011 10.922960 2.18337 3 2.86092 12.87719 0 9.76457 7.3525 1 2 
923 44.641933 10.922145 2.18337 3 2.86092 12.87719 0 9.76457 7.3525 1 2 
924 44.656418 10.910370 6.17007 1 7.85673 37.57603 0 6.59389 3.7975 4 4 
925 44.644802 10.921053 1.61198 2 1.87511 14.73976 0 4.65248 5.3325 5 1 
926 44.650803 10.935173 2.18337 3 2.86092 12.87719 0 9.76457 7.3525 1 2 
927 44.600885 10.976948 1.61198 2 1.87511 14.73976 0 4.65248 5.3325 5 1 
928 44.644858 10.933528 1.61198 2 1.87511 14.73976 0 4.65248 5.3325 5 1 
929 44.648093 10.916669 1.61198 2 1.87511 14.73976 0 4.65248 5.3325 5 1 
930 44.595437 10.913058 1.61198 2 1.87511 14.73976 0 4.65248 5.3325 5 1 
931 44.674005 10.899461 1.61198 2 1.87511 14.73976 0 4.65248 5.3325 5 1 
932 44.666815 10.944716 6.17007 1 7.85673 37.57603 0 6.59389 3.7975 4 4 
933 44.677046 10.936607 0.71682 4 0.55814 11.9808 0 0.97351 9.3325 3 1 
934 44.654404 10.887294 0.71682 4 0.55814 11.9808 0 0.97351 9.3325 3 1 
935 44.661658 10.888580 2.18337 3 2.86092 12.87719 0 9.76457 7.3525 1 2 
936 44.631915 10.954364 6.17007 1 7.85673 37.57603 0 6.59389 3.7975 4 4 
937 44.635745 10.896464 2.18337 3 2.86092 12.87719 0 9.76457 7.3525 1 2 
938 44.621907 10.931437 1.26791 1 3.04286 21.33838 0 7.54948 3.3550 2 2 
939 44.644342 10.895220 1.61198 2 1.87511 14.73976 0 4.65248 5.3325 5 1 
940 44.653058 10.916925 1.26791 1 3.04286 21.33838 0 7.54948 3.3550 2 2 
941 44.644947 10.912165 1.61198 2 1.87511 14.73976 0 4.65248 5.3325 5 1 
942 44.636209 10.909265 2.18337 3 2.86092 12.87719 0 9.76457 7.3525 1 2 
943 44.644835 10.896816 2.18337 3 2.86092 12.87719 0 9.76457 7.3525 1 2 
944 44.647991 10.899833 1.26791 1 3.04286 21.33838 0 7.54948 3.3550 2 2 
945 44.721629 10.891531 0.71682 4 0.55814 11.9808 0 0.97351 9.3325 3 1 
946 44.655561 10.948998 1.61198 2 1.87511 14.73976 0 4.65248 5.3325 5 1 
947 44.664860 10.934134 1.26791 1 3.04286 21.33838 0 7.54948 3.3550 2 2 
948 44.661259 10.893564 1.26791 1 3.04286 21.33838 0 7.54948 3.3550 2 2 
949 44.637922 10.900269 1.26791 1 3.04286 21.33838 0 7.54948 3.3550 2 2 
950 44.628283 10.939207 0.71682 4 0.55814 11.9808 0 0.97351 9.3325 3 1 
951 44.621690 10.943570 0.71682 4 0.55814 11.9808 0 0.97351 9.3325 3 1 
952 44.539518 10.898830 0.71682 4 0.55814 11.9808 0 0.97351 9.3325 3 1 
953 44.668770 10.896675 6.17007 1 7.85673 37.57603 0 6.59389 3.7975 4 4 
954 44.645375 10.817861 6.17007 1 7.85673 37.57603 0 6.59389 3.7975 4 4 
955 44.661951 10.926243 1.61198 2 1.87511 14.73976 0 4.65248 5.3325 5 1 
956 44.533598 11.025887 0.71682 4 0.55814 11.9808 0 0.97351 9.3325 3 1 
957 44.629045 10.922147 6.17007 1 7.85673 37.57603 0 6.59389 3.7975 4 4 
958 44.633063 10.944185 6.17007 1 7.85673 37.57603 0 6.59389 3.7975 4 4 
959 44.674281 10.935397 0.71682 4 0.55814 11.9808 0 0.97351 9.3325 3 1 
960 44.685044 10.895386 1.26791 1 3.04286 21.33838 0 7.54948 3.3550 2 2 
961 44.636382 10.872374 0.71682 4 0.55814 11.9808 0 0.97351 9.3325 3 1 
962 44.649192 10.858874 2.18337 3 2.86092 12.87719 0 9.76457 7.3525 1 2 
963 44.632036 10.935185 1.26791 1 3.04286 21.33838 0 7.54948 3.3550 2 2 
964 44.605001 10.874091 6.17007 1 7.85673 37.57603 0 6.59389 3.7975 4 4 
965 44.649291 10.849618 6.17007 1 7.85673 37.57603 0 6.59389 3.7975 4 4 
966 44.601649 10.973504 0.71682 4 0.55814 11.9808 0 0.97351 9.3325 3 1 
967 44.620079 10.942159 6.17007 1 7.85673 37.57603 0 6.59389 3.7975 4 4 
968 44.638625 10.950048 2.18337 3 2.86092 12.87719 0 9.76457 7.3525 1 2 
969 44.599109 10.928830 0.71682 4 0.55814 11.9808 0 0.97351 9.3325 3 1 
970 44.620861 10.851413 1.61198 2 1.87511 14.73976 0 4.65248 5.3325 5 1 
971 44.650766 10.895095 2.18337 3 2.86092 12.87719 0 9.76457 7.3525 1 2 
972 44.603971 10.971484 6.17007 1 7.85673 37.57603 0 6.59389 3.7975 4 4 
973 44.651590 10.914133 0.71682 4 0.55814 11.9808 0 0.97351 9.3325 3 1 
974 44.646211 10.926659 6.17007 1 7.85673 37.57603 0 6.59389 3.7975 4 4 
975 44.651407 10.858080 0.71682 4 0.55814 11.9808 0 0.97351 9.3325 3 1 
976 44.647784 10.941944 0.71682 4 0.55814 11.9808 0 0.97351 9.3325 3 1 
977 44.246237 10.716472 1.26791 1 3.04286 21.33838 0 7.54948 3.3550 2 2 
978 44.645431 10.943449 6.17007 1 7.85673 37.57603 0 6.59389 3.7975 4 4 
979 44.789517 10.861862 1.61198 2 1.87511 14.73976 0 4.65248 5.3325 5 1 
980 44.634389 10.923058 1.26791 1 3.04286 21.33838 0 7.54948 3.3550 2 2 
981 44.642754 10.905737 6.17007 1 7.85673 37.57603 0 6.59389 3.7975 4 4 
982 44.618797 10.909824 1.26791 1 3.04286 21.33838 0 7.54948 3.3550 2 2 
983 44.657801 10.919527 1.61198 2 1.87511 14.73976 0 4.65248 5.3325 5 1 
984 44.645544 10.911004 6.17007 1 7.85673 37.57603 0 6.59389 3.7975 4 4 
985 44.591132 10.949554 2.18337 3 2.86092 12.87719 0 9.76457 7.3525 1 2 
986 44.916054 10.991907 1.61198 2 1.87511 14.73976 0 4.65248 5.3325 5 1 
987 44.635645 10.923698 2.18337 3 2.86092 12.87719 0 9.76457 7.3525 1 2 
988 44.645082 10.943258 1.26791 1 3.04286 21.33838 0 7.54948 3.3550 2 2 
989 44.639693 10.952252 0.71682 4 0.55814 11.9808 0 0.97351 9.3325 3 1 
990 44.659528 10.968969 6.17007 1 7.85673 37.57603 0 6.59389 3.7975 4 4 
991 44.614723 10.939249 6.17007 1 7.85673 37.57603 0 6.59389 3.7975 4 4 
992 44.579093 10.852981 6.17007 1 7.85673 37.57603 0 6.59389 3.7975 4 4 
993 44.631325 10.916389 1.61198 2 1.87511 14.73976 0 4.65248 5.3325 5 1 
994 44.652225 10.931912 0.71682 4 0.55814 11.9808 0 0.97351 9.3325 3 1 
995 44.624244 10.925712 6.17007 1 7.85673 37.57603 0 6.59389 3.7975 4 4 
996 44.630195 10.925437 1.61198 2 1.87511 14.73976 0 4.65248 5.3325 5 1 
997 44.834270 11.140909 1.26791 1 3.04286 21.33838 0 7.54948 3.3550 2 2 
998 44.630251 10.984282 2.18337 3 2.86092 12.87719 0 9.76457 7.3525 1 2 
999 44.639162 10.950306 1.26791 1 3.04286 21.33838 0 7.54948 3.3550 2 2 
1000 44.659129 10.901203 1.61198 2 1.87511 14.73976 0 4.65248 5.3325 5 1 