500 lat long pcc pcn mem st bw sd cost service task
1 44.633106 10.939678 1.61198 2 1.87511 14.73976 0 4.65248 5.3325 5 1 
2 44.647793 10.930327 0.71682 4 0.55814 11.9808 0 0.97351 9.3325 3 1 
3 44.650514 10.938734 2.18337 3 2.86092 12.87719 0 9.76457 7.3525 1 2 
4 44.633450 10.924301 0.71682 4 0.55814 11.9808 0 0.97351 9.3325 3 1 
5 44.628245 10.808032 1.61198 2 1.87511 14.73976 0 4.65248 5.3325 5 1 
6 44.645322 10.916054 6.17007 1 7.85673 37.57603 0 6.59389 3.7975 4 4 
7 44.638755 10.897222 1.26791 1 3.04286 21.33838 0 7.54948 3.3550 2 2 
8 44.620737 10.980565 0.71682 4 0.55814 11.9808 0 0.97351 9.3325 3 1 
9 44.644635 10.842004 0.71682 4 0.55814 11.9808 0 0.97351 9.3325 3 1 
10 44.623639 10.935868 1.26791 1 3.04286 21.33838 0 7.54948 3.3550 2 2 
11 44.627010 10.940864 0.71682 4 0.55814 11.9808 0 0.97351 9.3325 3 1 
12 44.630468 10.935947 6.17007 1 7.85673 37.57603 0 6.59389 3.7975 4 4 
13 44.589114 10.858776 6.17007 1 7.85673 37.57603 0 6.59389 3.7975 4 4 
14 44.656825 10.875966 2.18337 3 2.86092 12.87719 0 9.76457 7.3525 1 2 
15 44.661508 10.889147 1.61198 2 1.87511 14.73976 0 4.65248 5.3325 5 1 
16 44.628634 10.939588 6.17007 1 7.85673 37.57603 0 6.59389 3.7975 4 4 
17 44.675540 11.041978 6.17007 1 7.85673 37.57603 0 6.59389 3.7975 4 4 
18 44.661676 10.923367 2.18337 3 2.86092 12.87719 0 9.76457 7.3525 1 2 
19 44.635734 10.947216 6.17007 1 7.85673 37.57603 0 6.59389 3.7975 4 4 
20 44.655313 10.964801 1.26791 1 3.04286 21.33838 0 7.54948 3.3550 2 2 
21 44.646774 10.921880 0.71682 4 0.55814 11.9808 0 0.97351 9.3325 3 1 
22 44.600704 10.973442 1.26791 1 3.04286 21.33838 0 7.54948 3.3550 2 2 
23 44.656930 10.898282 6.17007 1 7.85673 37.57603 0 6.59389 3.7975 4 4 
24 44.678402 10.930480 1.26791 1 3.04286 21.33838 0 7.54948 3.3550 2 2 
25 44.651569 10.867872 6.17007 1 7.85673 37.57603 0 6.59389 3.7975 4 4 
26 44.630666 10.909429 0.71682 4 0.55814 11.9808 0 0.97351 9.3325 3 1 
27 44.656308 10.896589 1.61198 2 1.87511 14.73976 0 4.65248 5.3325 5 1 
28 44.629226 10.927507 0.71682 4 0.55814 11.9808 0 0.97351 9.3325 3 1 
29 44.666572 10.892736 1.26791 1 3.04286 21.33838 0 7.54948 3.3550 2 2 
30 44.643496 10.945125 2.18337 3 2.86092 12.87719 0 9.76457 7.3525 1 2 
31 44.595485 11.035603 6.17007 1 7.85673 37.57603 0 6.59389 3.7975 4 4 
32 44.635463 10.907084 1.26791 1 3.04286 21.33838 0 7.54948 3.3550 2 2 
33 44.624822 10.945836 1.26791 1 3.04286 21.33838 0 7.54948 3.3550 2 2 
34 44.645899 10.907711 2.18337 3 2.86092 12.87719 0 9.76457 7.3525 1 2 
35 44.632706 10.948055 6.17007 1 7.85673 37.57603 0 6.59389 3.7975 4 4 
36 44.639802 10.806131 0.71682 4 0.55814 11.9808 0 0.97351 9.3325 3 1 
37 44.554313 10.797328 0.71682 4 0.55814 11.9808 0 0.97351 9.3325 3 1 
38 44.632474 10.934182 1.61198 2 1.87511 14.73976 0 4.65248 5.3325 5 1 
39 44.623001 10.924100 0.71682 4 0.55814 11.9808 0 0.97351 9.3325 3 1 
40 44.662103 10.964165 1.61198 2 1.87511 14.73976 0 4.65248 5.3325 5 1 
41 44.643508 10.886377 0.71682 4 0.55814 11.9808 0 0.97351 9.3325 3 1 
42 44.612079 10.911914 6.17007 1 7.85673 37.57603 0 6.59389 3.7975 4 4 
43 44.636847 10.905362 6.17007 1 7.85673 37.57603 0 6.59389 3.7975 4 4 
44 44.651573 10.902624 1.26791 1 3.04286 21.33838 0 7.54948 3.3550 2 2 
45 44.884381 11.060460 2.18337 3 2.86092 12.87719 0 9.76457 7.3525 1 2 
46 44.625980 10.944816 6.17007 1 7.85673 37.57603 0 6.59389 3.7975 4 4 
47 44.668201 10.936144 2.18337 3 2.86092 12.87719 0 9.76457 7.3525 1 2 
48 44.633658 10.900076 1.26791 1 3.04286 21.33838 0 7.54948 3.3550 2 2 
49 44.641038 10.891075 6.17007 1 7.85673 37.57603 0 6.59389 3.7975 4 4 
50 44.609558 10.850379 1.26791 1 3.04286 21.33838 0 7.54948 3.3550 2 2 
51 44.696834 10.889165 6.17007 1 7.85673 37.57603 0 6.59389 3.7975 4 4 
52 44.645148 10.888136 6.17007 1 7.85673 37.57603 0 6.59389 3.7975 4 4 
53 44.631655 10.971580 6.17007 1 7.85673 37.57603 0 6.59389 3.7975 4 4 
54 44.626914 10.907268 1.26791 1 3.04286 21.33838 0 7.54948 3.3550 2 2 
55 44.639521 10.911066 1.26791 1 3.04286 21.33838 0 7.54948 3.3550 2 2 
56 44.630800 10.902486 2.18337 3 2.86092 12.87719 0 9.76457 7.3525 1 2 
57 44.580411 10.983637 2.18337 3 2.86092 12.87719 0 9.76457 7.3525 1 2 
58 44.671741 10.866392 6.17007 1 7.85673 37.57603 0 6.59389 3.7975 4 4 
59 44.660419 10.896387 1.61198 2 1.87511 14.73976 0 4.65248 5.3325 5 1 
60 44.641915 10.915624 1.61198 2 1.87511 14.73976 0 4.65248 5.3325 5 1 
61 44.657931 10.878713 0.71682 4 0.55814 11.9808 0 0.97351 9.3325 3 1 
62 44.645113 10.907136 6.17007 1 7.85673 37.57603 0 6.59389 3.7975 4 4 
63 44.683176 10.896164 6.17007 1 7.85673 37.57603 0 6.59389 3.7975 4 4 
64 44.630498 10.947769 6.17007 1 7.85673 37.57603 0 6.59389 3.7975 4 4 
65 44.649044 10.900630 1.61198 2 1.87511 14.73976 0 4.65248 5.3325 5 1 
66 44.627757 10.918063 1.61198 2 1.87511 14.73976 0 4.65248 5.3325 5 1 
67 44.699421 10.885404 1.61198 2 1.87511 14.73976 0 4.65248 5.3325 5 1 
68 44.602478 10.860014 1.26791 1 3.04286 21.33838 0 7.54948 3.3550 2 2 
69 44.641242 10.890510 0.71682 4 0.55814 11.9808 0 0.97351 9.3325 3 1 
70 44.659737 10.895949 1.26791 1 3.04286 21.33838 0 7.54948 3.3550 2 2 
71 44.604481 10.861827 2.18337 3 2.86092 12.87719 0 9.76457 7.3525 1 2 
72 44.628713 10.922815 1.26791 1 3.04286 21.33838 0 7.54948 3.3550 2 2 
73 44.657407 10.904793 1.61198 2 1.87511 14.73976 0 4.65248 5.3325 5 1 
74 44.636749 10.932037 6.17007 1 7.85673 37.57603 0 6.59389 3.7975 4 4 
75 44.651712 10.875960 0.71682 4 0.55814 11.9808 0 0.97351 9.3325 3 1 
76 44.634426 10.871266 6.17007 1 7.85673 37.57603 0 6.59389 3.7975 4 4 
77 44.789957 10.875245 0.71682 4 0.55814 11.9808 0 0.97351 9.3325 3 1 
78 44.658793 10.904980 0.71682 4 0.55814 11.9808 0 0.97351 9.3325 3 1 
79 44.632273 10.868276 1.61198 2 1.87511 14.73976 0 4.65248 5.3325 5 1 
80 44.625274 10.929279 0.71682 4 0.55814 11.9808 0 0.97351 9.3325 3 1 
81 44.475185 10.991325 0.71682 4 0.55814 11.9808 0 0.97351 9.3325 3 1 
82 44.608459 10.978220 0.71682 4 0.55814 11.9808 0 0.97351 9.3325 3 1 
83 44.692672 10.967912 1.26791 1 3.04286 21.33838 0 7.54948 3.3550 2 2 
84 44.644888 10.922599 0.71682 4 0.55814 11.9808 0 0.97351 9.3325 3 1 
85 44.645348 10.917547 2.18337 3 2.86092 12.87719 0 9.76457 7.3525 1 2 
86 44.639744 10.909265 2.18337 3 2.86092 12.87719 0 9.76457 7.3525 1 2 
87 44.652115 10.899743 1.26791 1 3.04286 21.33838 0 7.54948 3.3550 2 2 
88 44.672678 10.951920 1.61198 2 1.87511 14.73976 0 4.65248 5.3325 5 1 
89 44.633974 10.935704 2.18337 3 2.86092 12.87719 0 9.76457 7.3525 1 2 
90 44.647343 10.927732 6.17007 1 7.85673 37.57603 0 6.59389 3.7975 4 4 
91 44.643751 10.942125 6.17007 1 7.85673 37.57603 0 6.59389 3.7975 4 4 
92 44.659868 10.931842 6.17007 1 7.85673 37.57603 0 6.59389 3.7975 4 4 
93 44.727825 10.919785 1.61198 2 1.87511 14.73976 0 4.65248 5.3325 5 1 
94 44.660306 10.965302 0.71682 4 0.55814 11.9808 0 0.97351 9.3325 3 1 
95 44.689272 10.916227 1.26791 1 3.04286 21.33838 0 7.54948 3.3550 2 2 
96 44.647264 10.943387 6.17007 1 7.85673 37.57603 0 6.59389 3.7975 4 4 
97 44.646018 10.923316 6.17007 1 7.85673 37.57603 0 6.59389 3.7975 4 4 
98 44.652496 10.931752 0.71682 4 0.55814 11.9808 0 0.97351 9.3325 3 1 
99 44.645163 10.909004 6.17007 1 7.85673 37.57603 0 6.59389 3.7975 4 4 
100 44.649723 10.920020 1.61198 2 1.87511 14.73976 0 4.65248 5.3325 5 1 
101 44.637494 10.935028 0.71682 4 0.55814 11.9808 0 0.97351 9.3325 3 1 
102 44.635170 10.914836 0.71682 4 0.55814 11.9808 0 0.97351 9.3325 3 1 
103 44.634089 10.916551 6.17007 1 7.85673 37.57603 0 6.59389 3.7975 4 4 
104 44.632542 10.935307 2.18337 3 2.86092 12.87719 0 9.76457 7.3525 1 2 
105 44.633457 10.856224 6.17007 1 7.85673 37.57603 0 6.59389 3.7975 4 4 
106 44.656419 10.909598 0.71682 4 0.55814 11.9808 0 0.97351 9.3325 3 1 
107 44.687662 10.963423 0.71682 4 0.55814 11.9808 0 0.97351 9.3325 3 1 
108 44.623780 10.917712 1.61198 2 1.87511 14.73976 0 4.65248 5.3325 5 1 
109 44.645879 10.930202 0.71682 4 0.55814 11.9808 0 0.97351 9.3325 3 1 
110 44.638511 10.873769 0.71682 4 0.55814 11.9808 0 0.97351 9.3325 3 1 
111 44.625556 10.894379 1.26791 1 3.04286 21.33838 0 7.54948 3.3550 2 2 
112 44.836184 11.292578 1.26791 1 3.04286 21.33838 0 7.54948 3.3550 2 2 
113 44.639702 10.913418 2.18337 3 2.86092 12.87719 0 9.76457 7.3525 1 2 
114 44.660409 10.962256 1.61198 2 1.87511 14.73976 0 4.65248 5.3325 5 1 
115 44.626128 10.929277 6.17007 1 7.85673 37.57603 0 6.59389 3.7975 4 4 
116 44.636780 10.930377 1.61198 2 1.87511 14.73976 0 4.65248 5.3325 5 1 
117 44.668198 10.938464 6.17007 1 7.85673 37.57603 0 6.59389 3.7975 4 4 
118 44.650372 10.898436 1.26791 1 3.04286 21.33838 0 7.54948 3.3550 2 2 
119 44.634077 10.950419 1.61198 2 1.87511 14.73976 0 4.65248 5.3325 5 1 
120 44.622888 10.891130 0.71682 4 0.55814 11.9808 0 0.97351 9.3325 3 1 
121 44.636236 10.921261 6.17007 1 7.85673 37.57603 0 6.59389 3.7975 4 4 
122 44.509709 10.950041 2.18337 3 2.86092 12.87719 0 9.76457 7.3525 1 2 
123 44.641216 10.943818 1.61198 2 1.87511 14.73976 0 4.65248 5.3325 5 1 
124 44.641960 10.966249 1.26791 1 3.04286 21.33838 0 7.54948 3.3550 2 2 
125 44.630155 10.960969 1.26791 1 3.04286 21.33838 0 7.54948 3.3550 2 2 
126 44.655040 10.905814 1.26791 1 3.04286 21.33838 0 7.54948 3.3550 2 2 
127 44.655574 10.900547 1.61198 2 1.87511 14.73976 0 4.65248 5.3325 5 1 
128 44.603873 10.904920 1.26791 1 3.04286 21.33838 0 7.54948 3.3550 2 2 
129 44.654197 10.890697 6.17007 1 7.85673 37.57603 0 6.59389 3.7975 4 4 
130 44.650509 10.933601 0.71682 4 0.55814 11.9808 0 0.97351 9.3325 3 1 
131 44.628309 10.969620 1.61198 2 1.87511 14.73976 0 4.65248 5.3325 5 1 
132 44.635164 10.869587 1.61198 2 1.87511 14.73976 0 4.65248 5.3325 5 1 
133 44.310038 10.792578 6.17007 1 7.85673 37.57603 0 6.59389 3.7975 4 4 
134 44.638403 10.876708 6.17007 1 7.85673 37.57603 0 6.59389 3.7975 4 4 
135 44.655428 10.872448 6.17007 1 7.85673 37.57603 0 6.59389 3.7975 4 4 
136 44.623009 10.948569 6.17007 1 7.85673 37.57603 0 6.59389 3.7975 4 4 
137 44.647191 10.919890 6.17007 1 7.85673 37.57603 0 6.59389 3.7975 4 4 
138 44.523177 10.859042 0.71682 4 0.55814 11.9808 0 0.97351 9.3325 3 1 
139 44.643031 10.934915 6.17007 1 7.85673 37.57603 0 6.59389 3.7975 4 4 
140 44.636547 10.933714 1.61198 2 1.87511 14.73976 0 4.65248 5.3325 5 1 
141 44.628160 10.892855 1.26791 1 3.04286 21.33838 0 7.54948 3.3550 2 2 
142 44.657913 10.903107 1.61198 2 1.87511 14.73976 0 4.65248 5.3325 5 1 
143 44.643877 10.926382 2.18337 3 2.86092 12.87719 0 9.76457 7.3525 1 2 
144 44.637345 10.917497 0.71682 4 0.55814 11.9808 0 0.97351 9.3325 3 1 
145 44.637662 10.940099 1.26791 1 3.04286 21.33838 0 7.54948 3.3550 2 2 
146 44.639564 10.907711 1.61198 2 1.87511 14.73976 0 4.65248 5.3325 5 1 
147 44.668256 10.930643 0.71682 4 0.55814 11.9808 0 0.97351 9.3325 3 1 
148 44.530257 11.019961 2.18337 3 2.86092 12.87719 0 9.76457 7.3525 1 2 
149 44.646381 10.918656 6.17007 1 7.85673 37.57603 0 6.59389 3.7975 4 4 
150 44.661960 10.889476 0.71682 4 0.55814 11.9808 0 0.97351 9.3325 3 1 
151 44.645864 10.922327 1.61198 2 1.87511 14.73976 0 4.65248 5.3325 5 1 
152 44.643803 10.890940 1.61198 2 1.87511 14.73976 0 4.65248 5.3325 5 1 
153 44.664204 10.974826 2.18337 3 2.86092 12.87719 0 9.76457 7.3525 1 2 
154 44.626551 10.943452 6.17007 1 7.85673 37.57603 0 6.59389 3.7975 4 4 
155 44.634954 10.894250 6.17007 1 7.85673 37.57603 0 6.59389 3.7975 4 4 
156 44.641216 10.943818 6.17007 1 7.85673 37.57603 0 6.59389 3.7975 4 4 
157 44.706670 11.104341 1.26791 1 3.04286 21.33838 0 7.54948 3.3550 2 2 
158 44.647839 10.924372 1.26791 1 3.04286 21.33838 0 7.54948 3.3550 2 2 
159 44.661757 10.893162 1.26791 1 3.04286 21.33838 0 7.54948 3.3550 2 2 
160 44.671481 10.894920 6.17007 1 7.85673 37.57603 0 6.59389 3.7975 4 4 
161 44.662918 10.925206 6.17007 1 7.85673 37.57603 0 6.59389 3.7975 4 4 
162 44.640937 10.861207 6.17007 1 7.85673 37.57603 0 6.59389 3.7975 4 4 
163 44.369246 10.661461 2.18337 3 2.86092 12.87719 0 9.76457 7.3525 1 2 
164 44.649393 10.924580 0.71682 4 0.55814 11.9808 0 0.97351 9.3325 3 1 
165 44.595794 10.929986 1.61198 2 1.87511 14.73976 0 4.65248 5.3325 5 1 
166 44.641756 10.899191 6.17007 1 7.85673 37.57603 0 6.59389 3.7975 4 4 
167 44.658186 10.902136 0.71682 4 0.55814 11.9808 0 0.97351 9.3325 3 1 
168 44.633559 10.959935 1.61198 2 1.87511 14.73976 0 4.65248 5.3325 5 1 
169 44.887139 11.065114 0.71682 4 0.55814 11.9808 0 0.97351 9.3325 3 1 
170 44.660254 10.883688 2.18337 3 2.86092 12.87719 0 9.76457 7.3525 1 2 
171 44.598609 10.959842 2.18337 3 2.86092 12.87719 0 9.76457 7.3525 1 2 
172 44.637372 10.797124 1.26791 1 3.04286 21.33838 0 7.54948 3.3550 2 2 
173 44.657234 10.864061 6.17007 1 7.85673 37.57603 0 6.59389 3.7975 4 4 
174 44.632161 10.795203 2.18337 3 2.86092 12.87719 0 9.76457 7.3525 1 2 
175 44.640743 10.908169 6.17007 1 7.85673 37.57603 0 6.59389 3.7975 4 4 
176 44.660671 10.960148 1.61198 2 1.87511 14.73976 0 4.65248 5.3325 5 1 
177 44.653991 10.914715 0.71682 4 0.55814 11.9808 0 0.97351 9.3325 3 1 
178 44.646504 10.840999 0.71682 4 0.55814 11.9808 0 0.97351 9.3325 3 1 
179 44.636657 10.910483 1.61198 2 1.87511 14.73976 0 4.65248 5.3325 5 1 
180 44.640316 10.972176 1.26791 1 3.04286 21.33838 0 7.54948 3.3550 2 2 
181 44.611956 10.890166 1.61198 2 1.87511 14.73976 0 4.65248 5.3325 5 1 
182 44.654678 10.942877 1.26791 1 3.04286 21.33838 0 7.54948 3.3550 2 2 
183 44.645480 10.924387 1.61198 2 1.87511 14.73976 0 4.65248 5.3325 5 1 
184 44.621395 10.917592 1.61198 2 1.87511 14.73976 0 4.65248 5.3325 5 1 
185 44.624450 10.911829 1.61198 2 1.87511 14.73976 0 4.65248 5.3325 5 1 
186 44.636898 10.955762 2.18337 3 2.86092 12.87719 0 9.76457 7.3525 1 2 
187 44.627781 10.934815 1.61198 2 1.87511 14.73976 0 4.65248 5.3325 5 1 
188 44.600898 10.981489 1.26791 1 3.04286 21.33838 0 7.54948 3.3550 2 2 
189 44.651619 10.804524 1.61198 2 1.87511 14.73976 0 4.65248 5.3325 5 1 
190 44.688732 10.921788 2.18337 3 2.86092 12.87719 0 9.76457 7.3525 1 2 
191 44.580577 10.939358 1.26791 1 3.04286 21.33838 0 7.54948 3.3550 2 2 
192 44.579737 10.841449 6.17007 1 7.85673 37.57603 0 6.59389 3.7975 4 4 
193 44.662299 10.963512 6.17007 1 7.85673 37.57603 0 6.59389 3.7975 4 4 
194 44.638479 10.957922 6.17007 1 7.85673 37.57603 0 6.59389 3.7975 4 4 
195 44.630928 10.901713 1.61198 2 1.87511 14.73976 0 4.65248 5.3325 5 1 
196 44.638193 10.949588 0.71682 4 0.55814 11.9808 0 0.97351 9.3325 3 1 
197 44.656542 10.947323 1.26791 1 3.04286 21.33838 0 7.54948 3.3550 2 2 
198 44.643665 10.903189 1.61198 2 1.87511 14.73976 0 4.65248 5.3325 5 1 
199 44.654136 10.918169 6.17007 1 7.85673 37.57603 0 6.59389 3.7975 4 4 
200 44.651868 10.919224 1.61198 2 1.87511 14.73976 0 4.65248 5.3325 5 1 
201 44.628088 10.916608 1.26791 1 3.04286 21.33838 0 7.54948 3.3550 2 2 
202 44.647459 10.922236 1.26791 1 3.04286 21.33838 0 7.54948 3.3550 2 2 
203 44.647162 10.927196 6.17007 1 7.85673 37.57603 0 6.59389 3.7975 4 4 
204 44.624878 10.930252 6.17007 1 7.85673 37.57603 0 6.59389 3.7975 4 4 
205 44.628273 10.918385 2.18337 3 2.86092 12.87719 0 9.76457 7.3525 1 2 
206 44.882211 11.059934 1.26791 1 3.04286 21.33838 0 7.54948 3.3550 2 2 
207 44.683930 10.869963 6.17007 1 7.85673 37.57603 0 6.59389 3.7975 4 4 
208 44.629552 10.902643 0.71682 4 0.55814 11.9808 0 0.97351 9.3325 3 1 
209 44.634261 10.870183 2.18337 3 2.86092 12.87719 0 9.76457 7.3525 1 2 
210 44.616847 10.909007 2.18337 3 2.86092 12.87719 0 9.76457 7.3525 1 2 
211 44.641356 10.929899 1.26791 1 3.04286 21.33838 0 7.54948 3.3550 2 2 
212 44.679100 11.030249 1.61198 2 1.87511 14.73976 0 4.65248 5.3325 5 1 
213 44.643713 10.893185 1.26791 1 3.04286 21.33838 0 7.54948 3.3550 2 2 
214 44.630360 10.921717 1.26791 1 3.04286 21.33838 0 7.54948 3.3550 2 2 
215 44.839309 11.305532 0.71682 4 0.55814 11.9808 0 0.97351 9.3325 3 1 
216 44.689256 10.920358 1.61198 2 1.87511 14.73976 0 4.65248 5.3325 5 1 
217 44.645292 10.941505 1.61198 2 1.87511 14.73976 0 4.65248 5.3325 5 1 
218 44.652905 10.932157 2.18337 3 2.86092 12.87719 0 9.76457 7.3525 1 2 
219 44.661399 10.965329 0.71682 4 0.55814 11.9808 0 0.97351 9.3325 3 1 
220 44.613206 10.846712 0.71682 4 0.55814 11.9808 0 0.97351 9.3325 3 1 
221 44.633486 10.917572 1.61198 2 1.87511 14.73976 0 4.65248 5.3325 5 1 
222 44.646389 10.918171 6.17007 1 7.85673 37.57603 0 6.59389 3.7975 4 4 
223 44.659895 10.899966 6.17007 1 7.85673 37.57603 0 6.59389 3.7975 4 4 
224 44.640218 10.913038 6.17007 1 7.85673 37.57603 0 6.59389 3.7975 4 4 
225 44.658759 10.903604 2.18337 3 2.86092 12.87719 0 9.76457 7.3525 1 2 
226 44.831965 11.292386 1.26791 1 3.04286 21.33838 0 7.54948 3.3550 2 2 
227 44.600294 10.976759 1.26791 1 3.04286 21.33838 0 7.54948 3.3550 2 2 
228 44.649567 10.901025 0.71682 4 0.55814 11.9808 0 0.97351 9.3325 3 1 
229 44.659639 10.875012 2.18337 3 2.86092 12.87719 0 9.76457 7.3525 1 2 
230 44.638905 10.945953 6.17007 1 7.85673 37.57603 0 6.59389 3.7975 4 4 
231 44.808582 10.837993 1.61198 2 1.87511 14.73976 0 4.65248 5.3325 5 1 
232 44.630057 10.914521 0.71682 4 0.55814 11.9808 0 0.97351 9.3325 3 1 
233 44.651192 10.963191 1.61198 2 1.87511 14.73976 0 4.65248 5.3325 5 1 
234 44.629683 10.924988 1.26791 1 3.04286 21.33838 0 7.54948 3.3550 2 2 
235 44.608845 10.865446 1.61198 2 1.87511 14.73976 0 4.65248 5.3325 5 1 
236 44.560000 11.026496 1.26791 1 3.04286 21.33838 0 7.54948 3.3550 2 2 
237 44.637135 10.912478 1.61198 2 1.87511 14.73976 0 4.65248 5.3325 5 1 
238 44.877803 11.073044 0.71682 4 0.55814 11.9808 0 0.97351 9.3325 3 1 
239 44.654331 10.881274 1.26791 1 3.04286 21.33838 0 7.54948 3.3550 2 2 
240 44.636749 10.932037 1.61198 2 1.87511 14.73976 0 4.65248 5.3325 5 1 
241 44.635689 10.913056 1.61198 2 1.87511 14.73976 0 4.65248 5.3325 5 1 
242 44.653254 10.932656 2.18337 3 2.86092 12.87719 0 9.76457 7.3525 1 2 
243 44.688568 10.916532 6.17007 1 7.85673 37.57603 0 6.59389 3.7975 4 4 
244 44.594598 10.958338 6.17007 1 7.85673 37.57603 0 6.59389 3.7975 4 4 
245 44.693870 10.965992 1.61198 2 1.87511 14.73976 0 4.65248 5.3325 5 1 
246 44.626534 10.941492 6.17007 1 7.85673 37.57603 0 6.59389 3.7975 4 4 
247 44.562515 10.846061 1.26791 1 3.04286 21.33838 0 7.54948 3.3550 2 2 
248 44.632991 10.950615 1.26791 1 3.04286 21.33838 0 7.54948 3.3550 2 2 
249 44.695732 10.985324 0.71682 4 0.55814 11.9808 0 0.97351 9.3325 3 1 
250 44.661768 10.943031 6.17007 1 7.85673 37.57603 0 6.59389 3.7975 4 4 
251 44.629604 10.975063 1.61198 2 1.87511 14.73976 0 4.65248 5.3325 5 1 
252 44.673515 11.012144 1.26791 1 3.04286 21.33838 0 7.54948 3.3550 2 2 
253 44.593203 10.947346 1.26791 1 3.04286 21.33838 0 7.54948 3.3550 2 2 
254 44.646258 10.920909 0.71682 4 0.55814 11.9808 0 0.97351 9.3325 3 1 
255 44.613327 10.938955 6.17007 1 7.85673 37.57603 0 6.59389 3.7975 4 4 
256 44.648069 10.922534 2.18337 3 2.86092 12.87719 0 9.76457 7.3525 1 2 
257 44.643061 10.886084 6.17007 1 7.85673 37.57603 0 6.59389 3.7975 4 4 
258 44.231260 10.653671 2.18337 3 2.86092 12.87719 0 9.76457 7.3525 1 2 
259 44.661757 10.893162 1.26791 1 3.04286 21.33838 0 7.54948 3.3550 2 2 
260 44.578293 10.842339 1.61198 2 1.87511 14.73976 0 4.65248 5.3325 5 1 
261 44.884469 11.059152 1.26791 1 3.04286 21.33838 0 7.54948 3.3550 2 2 
262 44.641623 10.913198 6.17007 1 7.85673 37.57603 0 6.59389 3.7975 4 4 
263 44.710831 10.893089 1.61198 2 1.87511 14.73976 0 4.65248 5.3325 5 1 
264 44.630149 10.923425 1.26791 1 3.04286 21.33838 0 7.54948 3.3550 2 2 
265 44.620512 10.912136 2.18337 3 2.86092 12.87719 0 9.76457 7.3525 1 2 
266 44.632033 10.921797 0.71682 4 0.55814 11.9808 0 0.97351 9.3325 3 1 
267 44.588975 10.953107 2.18337 3 2.86092 12.87719 0 9.76457 7.3525 1 2 
268 44.542617 10.943059 1.61198 2 1.87511 14.73976 0 4.65248 5.3325 5 1 
269 44.658389 10.930665 2.18337 3 2.86092 12.87719 0 9.76457 7.3525 1 2 
270 44.638285 10.894099 0.71682 4 0.55814 11.9808 0 0.97351 9.3325 3 1 
271 44.641964 10.923701 2.18337 3 2.86092 12.87719 0 9.76457 7.3525 1 2 
272 44.634406 10.975937 2.18337 3 2.86092 12.87719 0 9.76457 7.3525 1 2 
273 44.636391 10.935298 2.18337 3 2.86092 12.87719 0 9.76457 7.3525 1 2 
274 44.637602 10.909784 0.71682 4 0.55814 11.9808 0 0.97351 9.3325 3 1 
275 44.647885 10.927507 2.18337 3 2.86092 12.87719 0 9.76457 7.3525 1 2 
276 44.647346 10.929423 1.26791 1 3.04286 21.33838 0 7.54948 3.3550 2 2 
277 44.631904 10.899614 6.17007 1 7.85673 37.57603 0 6.59389 3.7975 4 4 
278 44.642964 10.898701 0.71682 4 0.55814 11.9808 0 0.97351 9.3325 3 1 
279 44.611158 10.892885 1.61198 2 1.87511 14.73976 0 4.65248 5.3325 5 1 
280 44.644965 10.924770 6.17007 1 7.85673 37.57603 0 6.59389 3.7975 4 4 
281 44.643622 10.924285 6.17007 1 7.85673 37.57603 0 6.59389 3.7975 4 4 
282 44.628366 10.833977 0.71682 4 0.55814 11.9808 0 0.97351 9.3325 3 1 
283 44.645527 10.929868 1.61198 2 1.87511 14.73976 0 4.65248 5.3325 5 1 
284 44.644582 10.916699 1.61198 2 1.87511 14.73976 0 4.65248 5.3325 5 1 
285 44.684926 10.967801 6.17007 1 7.85673 37.57603 0 6.59389 3.7975 4 4 
286 44.704257 10.946627 6.17007 1 7.85673 37.57603 0 6.59389 3.7975 4 4 
287 44.634073 10.933342 6.17007 1 7.85673 37.57603 0 6.59389 3.7975 4 4 
288 44.632720 10.904139 0.71682 4 0.55814 11.9808 0 0.97351 9.3325 3 1 
289 44.632796 10.961863 2.18337 3 2.86092 12.87719 0 9.76457 7.3525 1 2 
290 44.639686 10.959344 2.18337 3 2.86092 12.87719 0 9.76457 7.3525 1 2 
291 44.631749 10.916527 1.26791 1 3.04286 21.33838 0 7.54948 3.3550 2 2 
292 44.654557 10.914575 2.18337 3 2.86092 12.87719 0 9.76457 7.3525 1 2 
293 44.643971 10.898794 0.71682 4 0.55814 11.9808 0 0.97351 9.3325 3 1 
294 44.899278 11.064949 2.18337 3 2.86092 12.87719 0 9.76457 7.3525 1 2 
295 44.617010 10.924227 2.18337 3 2.86092 12.87719 0 9.76457 7.3525 1 2 
296 44.650766 10.895095 6.17007 1 7.85673 37.57603 0 6.59389 3.7975 4 4 
297 44.654628 10.929789 1.61198 2 1.87511 14.73976 0 4.65248 5.3325 5 1 
298 44.606553 10.863299 0.71682 4 0.55814 11.9808 0 0.97351 9.3325 3 1 
299 44.643971 10.931975 0.71682 4 0.55814 11.9808 0 0.97351 9.3325 3 1 
300 44.603614 10.968888 0.71682 4 0.55814 11.9808 0 0.97351 9.3325 3 1 
301 44.641140 10.967674 6.17007 1 7.85673 37.57603 0 6.59389 3.7975 4 4 
302 44.650909 10.902984 6.17007 1 7.85673 37.57603 0 6.59389 3.7975 4 4 
303 44.647224 10.937482 0.71682 4 0.55814 11.9808 0 0.97351 9.3325 3 1 
304 44.666988 10.913848 6.17007 1 7.85673 37.57603 0 6.59389 3.7975 4 4 
305 44.629040 10.975422 1.61198 2 1.87511 14.73976 0 4.65248 5.3325 5 1 
306 44.628293 10.922684 2.18337 3 2.86092 12.87719 0 9.76457 7.3525 1 2 
307 44.662205 10.929626 6.17007 1 7.85673 37.57603 0 6.59389 3.7975 4 4 
308 44.653078 10.913648 1.61198 2 1.87511 14.73976 0 4.65248 5.3325 5 1 
309 44.714071 10.898405 1.61198 2 1.87511 14.73976 0 4.65248 5.3325 5 1 
310 44.615921 10.927205 1.26791 1 3.04286 21.33838 0 7.54948 3.3550 2 2 
311 44.601415 10.977811 1.26791 1 3.04286 21.33838 0 7.54948 3.3550 2 2 
312 44.649934 10.932892 0.71682 4 0.55814 11.9808 0 0.97351 9.3325 3 1 
313 44.640750 10.819774 0.71682 4 0.55814 11.9808 0 0.97351 9.3325 3 1 
314 44.630928 10.901713 0.71682 4 0.55814 11.9808 0 0.97351 9.3325 3 1 
315 44.659224 10.892006 0.71682 4 0.55814 11.9808 0 0.97351 9.3325 3 1 
316 44.602907 10.970402 1.26791 1 3.04286 21.33838 0 7.54948 3.3550 2 2 
317 44.885152 11.052974 2.18337 3 2.86092 12.87719 0 9.76457 7.3525 1 2 
318 44.730828 10.925050 6.17007 1 7.85673 37.57603 0 6.59389 3.7975 4 4 
319 44.595792 10.973233 6.17007 1 7.85673 37.57603 0 6.59389 3.7975 4 4 
320 44.586460 10.971802 1.61198 2 1.87511 14.73976 0 4.65248 5.3325 5 1 
321 44.547036 10.791965 6.17007 1 7.85673 37.57603 0 6.59389 3.7975 4 4 
322 44.601714 10.971095 6.17007 1 7.85673 37.57603 0 6.59389 3.7975 4 4 
323 44.543522 10.781224 1.26791 1 3.04286 21.33838 0 7.54948 3.3550 2 2 
324 44.527046 10.874341 6.17007 1 7.85673 37.57603 0 6.59389 3.7975 4 4 
325 44.628281 10.896484 0.71682 4 0.55814 11.9808 0 0.97351 9.3325 3 1 
326 44.537016 10.791756 1.26791 1 3.04286 21.33838 0 7.54948 3.3550 2 2 
327 44.657216 10.932591 1.61198 2 1.87511 14.73976 0 4.65248 5.3325 5 1 
328 44.629612 10.951159 2.18337 3 2.86092 12.87719 0 9.76457 7.3525 1 2 
329 44.631288 10.903670 6.17007 1 7.85673 37.57603 0 6.59389 3.7975 4 4 
330 44.627062 10.918328 6.17007 1 7.85673 37.57603 0 6.59389 3.7975 4 4 
331 44.645988 10.925689 1.61198 2 1.87511 14.73976 0 4.65248 5.3325 5 1 
332 44.609512 10.989024 0.71682 4 0.55814 11.9808 0 0.97351 9.3325 3 1 
333 44.643863 10.925188 1.61198 2 1.87511 14.73976 0 4.65248 5.3325 5 1 
334 44.646686 10.932939 6.17007 1 7.85673 37.57603 0 6.59389 3.7975 4 4 
335 44.617017 10.932033 2.18337 3 2.86092 12.87719 0 9.76457 7.3525 1 2 
336 44.646026 10.846565 6.17007 1 7.85673 37.57603 0 6.59389 3.7975 4 4 
337 44.629577 10.870020 2.18337 3 2.86092 12.87719 0 9.76457 7.3525 1 2 
338 44.642117 10.964191 2.18337 3 2.86092 12.87719 0 9.76457 7.3525 1 2 
339 44.628163 10.893693 2.18337 3 2.86092 12.87719 0 9.76457 7.3525 1 2 
340 44.643637 10.929737 0.71682 4 0.55814 11.9808 0 0.97351 9.3325 3 1 
341 44.636492 10.962648 1.26791 1 3.04286 21.33838 0 7.54948 3.3550 2 2 
342 44.621478 10.909658 0.71682 4 0.55814 11.9808 0 0.97351 9.3325 3 1 
343 44.688915 10.919713 6.17007 1 7.85673 37.57603 0 6.59389 3.7975 4 4 
344 44.629734 10.970472 1.61198 2 1.87511 14.73976 0 4.65248 5.3325 5 1 
345 44.625685 10.944142 0.71682 4 0.55814 11.9808 0 0.97351 9.3325 3 1 
346 44.640327 10.918668 2.18337 3 2.86092 12.87719 0 9.76457 7.3525 1 2 
347 44.629552 10.902643 0.71682 4 0.55814 11.9808 0 0.97351 9.3325 3 1 
348 44.682634 10.907414 0.71682 4 0.55814 11.9808 0 0.97351 9.3325 3 1 
349 44.667966 10.937350 1.61198 2 1.87511 14.73976 0 4.65248 5.3325 5 1 
350 44.640096 10.893330 6.17007 1 7.85673 37.57603 0 6.59389 3.7975 4 4 
351 44.674861 10.930522 6.17007 1 7.85673 37.57603 0 6.59389 3.7975 4 4 
352 44.630848 10.935448 1.61198 2 1.87511 14.73976 0 4.65248 5.3325 5 1 
353 44.618136 10.924923 1.61198 2 1.87511 14.73976 0 4.65248 5.3325 5 1 
354 44.645950 10.911430 1.61198 2 1.87511 14.73976 0 4.65248 5.3325 5 1 
355 44.640469 10.917892 2.18337 3 2.86092 12.87719 0 9.76457 7.3525 1 2 
356 44.621911 10.937752 6.17007 1 7.85673 37.57603 0 6.59389 3.7975 4 4 
357 44.660610 10.899717 2.18337 3 2.86092 12.87719 0 9.76457 7.3525 1 2 
358 44.626765 10.930694 6.17007 1 7.85673 37.57603 0 6.59389 3.7975 4 4 
359 44.704346 10.900756 2.18337 3 2.86092 12.87719 0 9.76457 7.3525 1 2 
360 44.653593 10.902316 0.71682 4 0.55814 11.9808 0 0.97351 9.3325 3 1 
361 44.287734 10.673753 0.71682 4 0.55814 11.9808 0 0.97351 9.3325 3 1 
362 44.630983 10.937609 0.71682 4 0.55814 11.9808 0 0.97351 9.3325 3 1 
363 44.635559 10.948633 2.18337 3 2.86092 12.87719 0 9.76457 7.3525 1 2 
364 44.636347 10.895024 1.26791 1 3.04286 21.33838 0 7.54948 3.3550 2 2 
365 44.652963 10.941439 2.18337 3 2.86092 12.87719 0 9.76457 7.3525 1 2 
366 44.604387 10.968903 1.26791 1 3.04286 21.33838 0 7.54948 3.3550 2 2 
367 44.655253 10.886457 0.71682 4 0.55814 11.9808 0 0.97351 9.3325 3 1 
368 44.645781 10.923031 1.61198 2 1.87511 14.73976 0 4.65248 5.3325 5 1 
369 44.637842 10.935338 0.71682 4 0.55814 11.9808 0 0.97351 9.3325 3 1 
370 44.627633 10.896664 1.26791 1 3.04286 21.33838 0 7.54948 3.3550 2 2 
371 44.662224 10.888894 1.61198 2 1.87511 14.73976 0 4.65248 5.3325 5 1 
372 44.647742 10.927925 1.26791 1 3.04286 21.33838 0 7.54948 3.3550 2 2 
373 44.616335 10.927542 0.71682 4 0.55814 11.9808 0 0.97351 9.3325 3 1 
374 44.657087 10.961335 6.17007 1 7.85673 37.57603 0 6.59389 3.7975 4 4 
375 44.628547 10.911876 1.61198 2 1.87511 14.73976 0 4.65248 5.3325 5 1 
376 44.672752 10.933463 2.18337 3 2.86092 12.87719 0 9.76457 7.3525 1 2 
377 44.656381 10.903127 1.26791 1 3.04286 21.33838 0 7.54948 3.3550 2 2 
378 44.656150 10.969054 0.71682 4 0.55814 11.9808 0 0.97351 9.3325 3 1 
379 44.633656 10.899052 1.26791 1 3.04286 21.33838 0 7.54948 3.3550 2 2 
380 44.634192 10.925248 2.18337 3 2.86092 12.87719 0 9.76457 7.3525 1 2 
381 44.631074 10.951644 2.18337 3 2.86092 12.87719 0 9.76457 7.3525 1 2 
382 44.644588 10.887783 0.71682 4 0.55814 11.9808 0 0.97351 9.3325 3 1 
383 44.530956 11.015722 0.71682 4 0.55814 11.9808 0 0.97351 9.3325 3 1 
384 44.536802 10.813365 0.71682 4 0.55814 11.9808 0 0.97351 9.3325 3 1 
385 44.631068 10.898911 1.26791 1 3.04286 21.33838 0 7.54948 3.3550 2 2 
386 44.880144 11.058174 6.17007 1 7.85673 37.57603 0 6.59389 3.7975 4 4 
387 44.886839 10.897389 6.17007 1 7.85673 37.57603 0 6.59389 3.7975 4 4 
388 44.624830 10.928146 0.71682 4 0.55814 11.9808 0 0.97351 9.3325 3 1 
389 44.629643 10.916028 2.18337 3 2.86092 12.87719 0 9.76457 7.3525 1 2 
390 44.654330 10.948790 2.18337 3 2.86092 12.87719 0 9.76457 7.3525 1 2 
391 44.653782 10.945181 0.71682 4 0.55814 11.9808 0 0.97351 9.3325 3 1 
392 44.653872 10.948739 2.18337 3 2.86092 12.87719 0 9.76457 7.3525 1 2 
393 44.654849 10.949426 2.18337 3 2.86092 12.87719 0 9.76457 7.3525 1 2 
394 44.640670 10.907158 6.17007 1 7.85673 37.57603 0 6.59389 3.7975 4 4 
395 44.665326 10.913667 2.18337 3 2.86092 12.87719 0 9.76457 7.3525 1 2 
396 44.738491 10.921015 2.18337 3 2.86092 12.87719 0 9.76457 7.3525 1 2 
397 44.647484 10.922107 1.26791 1 3.04286 21.33838 0 7.54948 3.3550 2 2 
398 44.653930 10.912998 2.18337 3 2.86092 12.87719 0 9.76457 7.3525 1 2 
399 44.658901 10.879782 0.71682 4 0.55814 11.9808 0 0.97351 9.3325 3 1 
400 44.641659 10.951828 6.17007 1 7.85673 37.57603 0 6.59389 3.7975 4 4 
401 44.649623 10.798980 1.26791 1 3.04286 21.33838 0 7.54948 3.3550 2 2 
402 44.637760 10.919078 1.61198 2 1.87511 14.73976 0 4.65248 5.3325 5 1 
403 44.642570 10.928215 6.17007 1 7.85673 37.57603 0 6.59389 3.7975 4 4 
404 44.615566 10.975004 1.26791 1 3.04286 21.33838 0 7.54948 3.3550 2 2 
405 44.661430 10.936986 1.26791 1 3.04286 21.33838 0 7.54948 3.3550 2 2 
406 44.625435 10.892523 0.71682 4 0.55814 11.9808 0 0.97351 9.3325 3 1 
407 44.622446 10.921893 0.71682 4 0.55814 11.9808 0 0.97351 9.3325 3 1 
408 44.647725 10.924663 6.17007 1 7.85673 37.57603 0 6.59389 3.7975 4 4 
409 44.646696 10.927112 1.26791 1 3.04286 21.33838 0 7.54948 3.3550 2 2 
410 44.891514 10.899811 6.17007 1 7.85673 37.57603 0 6.59389 3.7975 4 4 
411 44.625334 10.936794 1.61198 2 1.87511 14.73976 0 4.65248 5.3325 5 1 
412 44.640218 10.913038 0.71682 4 0.55814 11.9808 0 0.97351 9.3325 3 1 
413 44.632760 10.917931 6.17007 1 7.85673 37.57603 0 6.59389 3.7975 4 4 
414 44.631068 10.898911 0.71682 4 0.55814 11.9808 0 0.97351 9.3325 3 1 
415 44.652105 10.941882 1.26791 1 3.04286 21.33838 0 7.54948 3.3550 2 2 
416 44.654835 10.887203 6.17007 1 7.85673 37.57603 0 6.59389 3.7975 4 4 
417 44.690809 10.971557 2.18337 3 2.86092 12.87719 0 9.76457 7.3525 1 2 
418 44.614258 10.938231 2.18337 3 2.86092 12.87719 0 9.76457 7.3525 1 2 
419 44.669708 10.897511 6.17007 1 7.85673 37.57603 0 6.59389 3.7975 4 4 
420 44.751810 11.005553 6.17007 1 7.85673 37.57603 0 6.59389 3.7975 4 4 
421 44.659561 10.943448 2.18337 3 2.86092 12.87719 0 9.76457 7.3525 1 2 
422 44.571586 10.856023 6.17007 1 7.85673 37.57603 0 6.59389 3.7975 4 4 
423 44.604313 10.970174 2.18337 3 2.86092 12.87719 0 9.76457 7.3525 1 2 
424 44.634734 10.947882 0.71682 4 0.55814 11.9808 0 0.97351 9.3325 3 1 
425 44.644686 10.950389 0.71682 4 0.55814 11.9808 0 0.97351 9.3325 3 1 
426 44.690952 10.840938 1.26791 1 3.04286 21.33838 0 7.54948 3.3550 2 2 
427 44.630857 10.912677 1.26791 1 3.04286 21.33838 0 7.54948 3.3550 2 2 
428 44.686200 10.917084 1.61198 2 1.87511 14.73976 0 4.65248 5.3325 5 1 
429 44.650243 10.919688 2.18337 3 2.86092 12.87719 0 9.76457 7.3525 1 2 
430 44.565545 11.036248 1.61198 2 1.87511 14.73976 0 4.65248 5.3325 5 1 
431 44.607740 10.868669 0.71682 4 0.55814 11.9808 0 0.97351 9.3325 3 1 
432 44.626318 10.945224 6.17007 1 7.85673 37.57603 0 6.59389 3.7975 4 4 
433 44.625819 10.942849 6.17007 1 7.85673 37.57603 0 6.59389 3.7975 4 4 
434 44.666505 10.912130 6.17007 1 7.85673 37.57603 0 6.59389 3.7975 4 4 
435 44.613571 10.933750 6.17007 1 7.85673 37.57603 0 6.59389 3.7975 4 4 
436 44.657409 10.912315 0.71682 4 0.55814 11.9808 0 0.97351 9.3325 3 1 
437 44.657687 10.977480 1.26791 1 3.04286 21.33838 0 7.54948 3.3550 2 2 
438 44.630355 10.941384 1.26791 1 3.04286 21.33838 0 7.54948 3.3550 2 2 
439 44.647480 10.940212 6.17007 1 7.85673 37.57603 0 6.59389 3.7975 4 4 
440 44.838341 11.304238 1.26791 1 3.04286 21.33838 0 7.54948 3.3550 2 2 
441 44.610197 10.870414 1.26791 1 3.04286 21.33838 0 7.54948 3.3550 2 2 
442 44.841945 10.959503 1.61198 2 1.87511 14.73976 0 4.65248 5.3325 5 1 
443 44.655970 10.949777 2.18337 3 2.86092 12.87719 0 9.76457 7.3525 1 2 
444 44.617622 10.932177 6.17007 1 7.85673 37.57603 0 6.59389 3.7975 4 4 
445 44.658991 10.881291 1.61198 2 1.87511 14.73976 0 4.65248 5.3325 5 1 
446 44.637326 10.938163 2.18337 3 2.86092 12.87719 0 9.76457 7.3525 1 2 
447 44.627114 10.948538 2.18337 3 2.86092 12.87719 0 9.76457 7.3525 1 2 
448 44.641298 10.909027 2.18337 3 2.86092 12.87719 0 9.76457 7.3525 1 2 
449 44.648309 10.920084 2.18337 3 2.86092 12.87719 0 9.76457 7.3525 1 2 
450 44.644287 10.912538 1.61198 2 1.87511 14.73976 0 4.65248 5.3325 5 1 
451 44.623788 10.933311 1.26791 1 3.04286 21.33838 0 7.54948 3.3550 2 2 
452 44.628905 10.919377 2.18337 3 2.86092 12.87719 0 9.76457 7.3525 1 2 
453 44.845700 11.072764 1.26791 1 3.04286 21.33838 0 7.54948 3.3550 2 2 
454 44.667607 10.946827 1.26791 1 3.04286 21.33838 0 7.54948 3.3550 2 2 
455 44.668482 10.864839 2.18337 3 2.86092 12.87719 0 9.76457 7.3525 1 2 
456 44.648011 10.922960 1.61198 2 1.87511 14.73976 0 4.65248 5.3325 5 1 
457 44.656418 10.910370 1.61198 2 1.87511 14.73976 0 4.65248 5.3325 5 1 
458 44.644802 10.921053 6.17007 1 7.85673 37.57603 0 6.59389 3.7975 4 4 
459 44.650803 10.935173 1.61198 2 1.87511 14.73976 0 4.65248 5.3325 5 1 
460 44.600885 10.976948 1.26791 1 3.04286 21.33838 0 7.54948 3.3550 2 2 
461 44.666815 10.944716 0.71682 4 0.55814 11.9808 0 0.97351 9.3325 3 1 
462 44.631915 10.954364 2.18337 3 2.86092 12.87719 0 9.76457 7.3525 1 2 
463 44.635745 10.896464 1.61198 2 1.87511 14.73976 0 4.65248 5.3325 5 1 
464 44.644342 10.895220 2.18337 3 2.86092 12.87719 0 9.76457 7.3525 1 2 
465 44.653058 10.916925 1.61198 2 1.87511 14.73976 0 4.65248 5.3325 5 1 
466 44.636209 10.909265 1.26791 1 3.04286 21.33838 0 7.54948 3.3550 2 2 
467 44.644835 10.896816 2.18337 3 2.86092 12.87719 0 9.76457 7.3525 1 2 
468 44.721629 10.891531 0.71682 4 0.55814 11.9808 0 0.97351 9.3325 3 1 
469 44.664860 10.934134 1.26791 1 3.04286 21.33838 0 7.54948 3.3550 2 2 
470 44.637922 10.900269 1.26791 1 3.04286 21.33838 0 7.54948 3.3550 2 2 
471 44.621690 10.943570 2.18337 3 2.86092 12.87719 0 9.76457 7.3525 1 2 
472 44.661951 10.926243 1.61198 2 1.87511 14.73976 0 4.65248 5.3325 5 1 
473 44.633063 10.944185 1.61198 2 1.87511 14.73976 0 4.65248 5.3325 5 1 
474 44.674281 10.935397 0.71682 4 0.55814 11.9808 0 0.97351 9.3325 3 1 
475 44.649192 10.858874 1.61198 2 1.87511 14.73976 0 4.65248 5.3325 5 1 
476 44.632036 10.935185 1.61198 2 1.87511 14.73976 0 4.65248 5.3325 5 1 
477 44.649291 10.849618 1.26791 1 3.04286 21.33838 0 7.54948 3.3550 2 2 
478 44.601649 10.973504 0.71682 4 0.55814 11.9808 0 0.97351 9.3325 3 1 
479 44.620079 10.942159 2.18337 3 2.86092 12.87719 0 9.76457 7.3525 1 2 
480 44.638625 10.950048 0.71682 4 0.55814 11.9808 0 0.97351 9.3325 3 1 
481 44.599109 10.928830 1.26791 1 3.04286 21.33838 0 7.54948 3.3550 2 2 
482 44.620861 10.851413 6.17007 1 7.85673 37.57603 0 6.59389 3.7975 4 4 
483 44.650766 10.895095 1.26791 1 3.04286 21.33838 0 7.54948 3.3550 2 2 
484 44.651590 10.914133 6.17007 1 7.85673 37.57603 0 6.59389 3.7975 4 4 
485 44.647784 10.941944 1.26791 1 3.04286 21.33838 0 7.54948 3.3550 2 2 
486 44.246237 10.716472 2.18337 3 2.86092 12.87719 0 9.76457 7.3525 1 2 
487 44.645431 10.943449 2.18337 3 2.86092 12.87719 0 9.76457 7.3525 1 2 
488 44.789517 10.861862 0.71682 4 0.55814 11.9808 0 0.97351 9.3325 3 1 
489 44.642754 10.905737 0.71682 4 0.55814 11.9808 0 0.97351 9.3325 3 1 
490 44.618797 10.909824 6.17007 1 7.85673 37.57603 0 6.59389 3.7975 4 4 
491 44.645544 10.911004 6.17007 1 7.85673 37.57603 0 6.59389 3.7975 4 4 
492 44.916054 10.991907 1.26791 1 3.04286 21.33838 0 7.54948 3.3550 2 2 
493 44.635645 10.923698 1.61198 2 1.87511 14.73976 0 4.65248 5.3325 5 1 
494 44.659528 10.968969 1.61198 2 1.87511 14.73976 0 4.65248 5.3325 5 1 
495 44.631325 10.916389 6.17007 1 7.85673 37.57603 0 6.59389 3.7975 4 4 
496 44.624244 10.925712 0.71682 4 0.55814 11.9808 0 0.97351 9.3325 3 1 
497 44.630195 10.925437 2.18337 3 2.86092 12.87719 0 9.76457 7.3525 1 2 
498 44.834270 11.140909 2.18337 3 2.86092 12.87719 0 9.76457 7.3525 1 2 
499 44.639162 10.950306 1.61198 2 1.87511 14.73976 0 4.65248 5.3325 5 1 
500 44.659129 10.901203 1.61198 2 1.87511 14.73976 0 4.65248 5.3325 5 1 