550 lat long pcc pcn mem st bw sd cost service task
1 44.625262 10.893088 1.26791 1 3.04286 21.33838 0 7.54948 3.3550 2 2 
2 44.647793 10.930327 2.18337 3 2.86092 12.87719 0 9.76457 7.3525 1 2 
3 44.650514 10.938734 0.71682 4 0.55814 11.9808 0 0.97351 9.3325 3 1 
4 44.645649 10.921296 1.61198 2 1.87511 14.73976 0 4.65248 5.3325 5 1 
5 44.633450 10.924301 2.18337 3 2.86092 12.87719 0 9.76457 7.3525 1 2 
6 44.642667 10.928747 6.17007 1 7.85673 37.57603 0 6.59389 3.7975 4 4 
7 44.602418 10.919662 2.18337 3 2.86092 12.87719 0 9.76457 7.3525 1 2 
8 44.587891 10.946703 2.18337 3 2.86092 12.87719 0 9.76457 7.3525 1 2 
9 44.644635 10.842004 1.26791 1 3.04286 21.33838 0 7.54948 3.3550 2 2 
10 44.630468 10.935947 1.26791 1 3.04286 21.33838 0 7.54948 3.3550 2 2 
11 44.589114 10.858776 0.71682 4 0.55814 11.9808 0 0.97351 9.3325 3 1 
12 44.726452 10.910250 1.61198 2 1.87511 14.73976 0 4.65248 5.3325 5 1 
13 44.656825 10.875966 6.17007 1 7.85673 37.57603 0 6.59389 3.7975 4 4 
14 44.661508 10.889147 1.26791 1 3.04286 21.33838 0 7.54948 3.3550 2 2 
15 44.657739 10.912519 1.26791 1 3.04286 21.33838 0 7.54948 3.3550 2 2 
16 44.675540 11.041978 6.17007 1 7.85673 37.57603 0 6.59389 3.7975 4 4 
17 44.661676 10.923367 1.26791 1 3.04286 21.33838 0 7.54948 3.3550 2 2 
18 44.286752 10.672077 2.18337 3 2.86092 12.87719 0 9.76457 7.3525 1 2 
19 44.287087 10.666050 1.61198 2 1.87511 14.73976 0 4.65248 5.3325 5 1 
20 44.655313 10.964801 1.61198 2 1.87511 14.73976 0 4.65248 5.3325 5 1 
21 44.646774 10.921880 1.61198 2 1.87511 14.73976 0 4.65248 5.3325 5 1 
22 44.657643 10.949641 6.17007 1 7.85673 37.57603 0 6.59389 3.7975 4 4 
23 44.628446 10.914559 6.17007 1 7.85673 37.57603 0 6.59389 3.7975 4 4 
24 44.656930 10.898282 2.18337 3 2.86092 12.87719 0 9.76457 7.3525 1 2 
25 44.678402 10.930480 1.61198 2 1.87511 14.73976 0 4.65248 5.3325 5 1 
26 44.651569 10.867872 1.61198 2 1.87511 14.73976 0 4.65248 5.3325 5 1 
27 44.662918 10.925206 6.17007 1 7.85673 37.57603 0 6.59389 3.7975 4 4 
28 44.629226 10.927507 1.26791 1 3.04286 21.33838 0 7.54948 3.3550 2 2 
29 44.643386 10.932400 2.18337 3 2.86092 12.87719 0 9.76457 7.3525 1 2 
30 44.666572 10.892736 1.61198 2 1.87511 14.73976 0 4.65248 5.3325 5 1 
31 44.662543 10.890877 0.71682 4 0.55814 11.9808 0 0.97351 9.3325 3 1 
32 44.643496 10.945125 2.18337 3 2.86092 12.87719 0 9.76457 7.3525 1 2 
33 44.575189 10.919481 0.71682 4 0.55814 11.9808 0 0.97351 9.3325 3 1 
34 44.624635 10.940973 0.71682 4 0.55814 11.9808 0 0.97351 9.3325 3 1 
35 44.624822 10.945836 1.61198 2 1.87511 14.73976 0 4.65248 5.3325 5 1 
36 44.634172 10.924156 1.26791 1 3.04286 21.33838 0 7.54948 3.3550 2 2 
37 44.645899 10.907711 0.71682 4 0.55814 11.9808 0 0.97351 9.3325 3 1 
38 44.632706 10.948055 2.18337 3 2.86092 12.87719 0 9.76457 7.3525 1 2 
39 44.639802 10.806131 1.61198 2 1.87511 14.73976 0 4.65248 5.3325 5 1 
40 44.610405 10.920063 1.26791 1 3.04286 21.33838 0 7.54948 3.3550 2 2 
41 44.642992 10.964084 2.18337 3 2.86092 12.87719 0 9.76457 7.3525 1 2 
42 44.612079 10.911914 0.71682 4 0.55814 11.9808 0 0.97351 9.3325 3 1 
43 44.343638 10.729244 1.61198 2 1.87511 14.73976 0 4.65248 5.3325 5 1 
44 44.651573 10.902624 1.61198 2 1.87511 14.73976 0 4.65248 5.3325 5 1 
45 44.655157 10.937415 1.26791 1 3.04286 21.33838 0 7.54948 3.3550 2 2 
46 44.656471 10.939548 6.17007 1 7.85673 37.57603 0 6.59389 3.7975 4 4 
47 44.654059 10.906719 6.17007 1 7.85673 37.57603 0 6.59389 3.7975 4 4 
48 44.636720 10.901462 1.61198 2 1.87511 14.73976 0 4.65248 5.3325 5 1 
49 44.601834 10.957643 1.61198 2 1.87511 14.73976 0 4.65248 5.3325 5 1 
50 44.637160 10.934742 6.17007 1 7.85673 37.57603 0 6.59389 3.7975 4 4 
51 44.578835 10.829993 0.71682 4 0.55814 11.9808 0 0.97351 9.3325 3 1 
52 44.619716 10.928593 1.26791 1 3.04286 21.33838 0 7.54948 3.3550 2 2 
53 44.641515 10.891953 1.26791 1 3.04286 21.33838 0 7.54948 3.3550 2 2 
54 44.660988 10.921575 1.26791 1 3.04286 21.33838 0 7.54948 3.3550 2 2 
55 44.645148 10.888136 1.26791 1 3.04286 21.33838 0 7.54948 3.3550 2 2 
56 44.631655 10.971580 1.61198 2 1.87511 14.73976 0 4.65248 5.3325 5 1 
57 44.635266 10.928746 1.26791 1 3.04286 21.33838 0 7.54948 3.3550 2 2 
58 44.639521 10.911066 0.71682 4 0.55814 11.9808 0 0.97351 9.3325 3 1 
59 44.688568 10.916532 0.71682 4 0.55814 11.9808 0 0.97351 9.3325 3 1 
60 44.580411 10.983637 0.71682 4 0.55814 11.9808 0 0.97351 9.3325 3 1 
61 44.683176 10.896164 0.71682 4 0.55814 11.9808 0 0.97351 9.3325 3 1 
62 44.699421 10.885404 6.17007 1 7.85673 37.57603 0 6.59389 3.7975 4 4 
63 44.685449 10.966954 1.61198 2 1.87511 14.73976 0 4.65248 5.3325 5 1 
64 44.679437 11.040059 1.26791 1 3.04286 21.33838 0 7.54948 3.3550 2 2 
65 44.639332 10.962251 2.18337 3 2.86092 12.87719 0 9.76457 7.3525 1 2 
66 44.641242 10.890510 6.17007 1 7.85673 37.57603 0 6.59389 3.7975 4 4 
67 44.659737 10.895949 0.71682 4 0.55814 11.9808 0 0.97351 9.3325 3 1 
68 44.649479 10.938563 0.71682 4 0.55814 11.9808 0 0.97351 9.3325 3 1 
69 44.649247 10.926936 6.17007 1 7.85673 37.57603 0 6.59389 3.7975 4 4 
70 44.640578 10.914095 2.18337 3 2.86092 12.87719 0 9.76457 7.3525 1 2 
71 44.657407 10.904793 1.26791 1 3.04286 21.33838 0 7.54948 3.3550 2 2 
72 44.644122 10.942273 1.61198 2 1.87511 14.73976 0 4.65248 5.3325 5 1 
73 44.634459 10.925545 2.18337 3 2.86092 12.87719 0 9.76457 7.3525 1 2 
74 44.634426 10.871266 2.18337 3 2.86092 12.87719 0 9.76457 7.3525 1 2 
75 44.632273 10.868276 0.71682 4 0.55814 11.9808 0 0.97351 9.3325 3 1 
76 44.649407 10.921292 6.17007 1 7.85673 37.57603 0 6.59389 3.7975 4 4 
77 44.625274 10.929279 1.61198 2 1.87511 14.73976 0 4.65248 5.3325 5 1 
78 44.475185 10.991325 6.17007 1 7.85673 37.57603 0 6.59389 3.7975 4 4 
79 44.608459 10.978220 1.61198 2 1.87511 14.73976 0 4.65248 5.3325 5 1 
80 44.679634 10.946879 6.17007 1 7.85673 37.57603 0 6.59389 3.7975 4 4 
81 44.644888 10.922599 2.18337 3 2.86092 12.87719 0 9.76457 7.3525 1 2 
82 44.645348 10.917547 6.17007 1 7.85673 37.57603 0 6.59389 3.7975 4 4 
83 44.662176 10.929089 0.71682 4 0.55814 11.9808 0 0.97351 9.3325 3 1 
84 44.655713 10.898435 1.61198 2 1.87511 14.73976 0 4.65248 5.3325 5 1 
85 44.639744 10.909265 1.61198 2 1.87511 14.73976 0 4.65248 5.3325 5 1 
86 44.625470 10.942371 6.17007 1 7.85673 37.57603 0 6.59389 3.7975 4 4 
87 44.633974 10.935704 0.71682 4 0.55814 11.9808 0 0.97351 9.3325 3 1 
88 44.620782 11.040734 6.17007 1 7.85673 37.57603 0 6.59389 3.7975 4 4 
89 44.642255 10.945016 0.71682 4 0.55814 11.9808 0 0.97351 9.3325 3 1 
90 44.647343 10.927732 6.17007 1 7.85673 37.57603 0 6.59389 3.7975 4 4 
91 44.629115 10.941370 0.71682 4 0.55814 11.9808 0 0.97351 9.3325 3 1 
92 44.659868 10.931842 2.18337 3 2.86092 12.87719 0 9.76457 7.3525 1 2 
93 44.727825 10.919785 1.26791 1 3.04286 21.33838 0 7.54948 3.3550 2 2 
94 44.676031 11.032249 2.18337 3 2.86092 12.87719 0 9.76457 7.3525 1 2 
95 44.689272 10.916227 2.18337 3 2.86092 12.87719 0 9.76457 7.3525 1 2 
96 44.646018 10.923316 1.26791 1 3.04286 21.33838 0 7.54948 3.3550 2 2 
97 44.612507 10.983511 6.17007 1 7.85673 37.57603 0 6.59389 3.7975 4 4 
98 44.652496 10.931752 6.17007 1 7.85673 37.57603 0 6.59389 3.7975 4 4 
99 44.645163 10.909004 0.71682 4 0.55814 11.9808 0 0.97351 9.3325 3 1 
100 44.651934 10.928912 6.17007 1 7.85673 37.57603 0 6.59389 3.7975 4 4 
101 44.638153 10.913149 6.17007 1 7.85673 37.57603 0 6.59389 3.7975 4 4 
102 44.649723 10.920020 6.17007 1 7.85673 37.57603 0 6.59389 3.7975 4 4 
103 44.637494 10.935028 1.61198 2 1.87511 14.73976 0 4.65248 5.3325 5 1 
104 44.635170 10.914836 6.17007 1 7.85673 37.57603 0 6.59389 3.7975 4 4 
105 44.634089 10.916551 1.61198 2 1.87511 14.73976 0 4.65248 5.3325 5 1 
106 44.632542 10.935307 0.71682 4 0.55814 11.9808 0 0.97351 9.3325 3 1 
107 44.644637 10.934088 2.18337 3 2.86092 12.87719 0 9.76457 7.3525 1 2 
108 44.623780 10.917712 1.61198 2 1.87511 14.73976 0 4.65248 5.3325 5 1 
109 44.645879 10.930202 6.17007 1 7.85673 37.57603 0 6.59389 3.7975 4 4 
110 44.638511 10.873769 2.18337 3 2.86092 12.87719 0 9.76457 7.3525 1 2 
111 44.625556 10.894379 0.71682 4 0.55814 11.9808 0 0.97351 9.3325 3 1 
112 44.836184 11.292578 0.71682 4 0.55814 11.9808 0 0.97351 9.3325 3 1 
113 44.633370 10.946570 0.71682 4 0.55814 11.9808 0 0.97351 9.3325 3 1 
114 44.639702 10.913418 6.17007 1 7.85673 37.57603 0 6.59389 3.7975 4 4 
115 44.660409 10.962256 2.18337 3 2.86092 12.87719 0 9.76457 7.3525 1 2 
116 44.659720 10.920255 1.61198 2 1.87511 14.73976 0 4.65248 5.3325 5 1 
117 44.660123 10.911161 0.71682 4 0.55814 11.9808 0 0.97351 9.3325 3 1 
118 44.626128 10.929277 1.26791 1 3.04286 21.33838 0 7.54948 3.3550 2 2 
119 44.668198 10.938464 1.26791 1 3.04286 21.33838 0 7.54948 3.3550 2 2 
120 44.650372 10.898436 6.17007 1 7.85673 37.57603 0 6.59389 3.7975 4 4 
121 44.632442 10.915098 1.26791 1 3.04286 21.33838 0 7.54948 3.3550 2 2 
122 44.634077 10.950419 0.71682 4 0.55814 11.9808 0 0.97351 9.3325 3 1 
123 44.672005 10.939487 2.18337 3 2.86092 12.87719 0 9.76457 7.3525 1 2 
124 44.893451 11.065997 6.17007 1 7.85673 37.57603 0 6.59389 3.7975 4 4 
125 44.630155 10.960969 2.18337 3 2.86092 12.87719 0 9.76457 7.3525 1 2 
126 44.655040 10.905814 6.17007 1 7.85673 37.57603 0 6.59389 3.7975 4 4 
127 44.654197 10.890697 1.26791 1 3.04286 21.33838 0 7.54948 3.3550 2 2 
128 44.635164 10.869587 2.18337 3 2.86092 12.87719 0 9.76457 7.3525 1 2 
129 44.647051 10.916171 0.71682 4 0.55814 11.9808 0 0.97351 9.3325 3 1 
130 44.619566 10.934006 2.18337 3 2.86092 12.87719 0 9.76457 7.3525 1 2 
131 44.602274 10.969724 1.61198 2 1.87511 14.73976 0 4.65248 5.3325 5 1 
132 44.632987 10.933990 6.17007 1 7.85673 37.57603 0 6.59389 3.7975 4 4 
133 44.655428 10.872448 0.71682 4 0.55814 11.9808 0 0.97351 9.3325 3 1 
134 44.635333 10.946670 1.26791 1 3.04286 21.33838 0 7.54948 3.3550 2 2 
135 44.646341 10.925073 2.18337 3 2.86092 12.87719 0 9.76457 7.3525 1 2 
136 44.623009 10.948569 1.26791 1 3.04286 21.33838 0 7.54948 3.3550 2 2 
137 44.678060 10.893056 6.17007 1 7.85673 37.57603 0 6.59389 3.7975 4 4 
138 44.647191 10.919890 1.61198 2 1.87511 14.73976 0 4.65248 5.3325 5 1 
139 44.645191 10.923256 1.26791 1 3.04286 21.33838 0 7.54948 3.3550 2 2 
140 44.645161 10.928992 1.61198 2 1.87511 14.73976 0 4.65248 5.3325 5 1 
141 44.843135 11.146038 0.71682 4 0.55814 11.9808 0 0.97351 9.3325 3 1 
142 44.523177 10.859042 1.61198 2 1.87511 14.73976 0 4.65248 5.3325 5 1 
143 44.643031 10.934915 1.26791 1 3.04286 21.33838 0 7.54948 3.3550 2 2 
144 44.661658 10.888580 1.61198 2 1.87511 14.73976 0 4.65248 5.3325 5 1 
145 44.634604 10.954887 1.26791 1 3.04286 21.33838 0 7.54948 3.3550 2 2 
146 44.636547 10.933714 6.17007 1 7.85673 37.57603 0 6.59389 3.7975 4 4 
147 44.662142 10.929289 0.71682 4 0.55814 11.9808 0 0.97351 9.3325 3 1 
148 44.657913 10.903107 2.18337 3 2.86092 12.87719 0 9.76457 7.3525 1 2 
149 44.643877 10.926382 0.71682 4 0.55814 11.9808 0 0.97351 9.3325 3 1 
150 44.637345 10.917497 1.26791 1 3.04286 21.33838 0 7.54948 3.3550 2 2 
151 44.637662 10.940099 2.18337 3 2.86092 12.87719 0 9.76457 7.3525 1 2 
152 44.639564 10.907711 1.26791 1 3.04286 21.33838 0 7.54948 3.3550 2 2 
153 44.668256 10.930643 2.18337 3 2.86092 12.87719 0 9.76457 7.3525 1 2 
154 44.645819 10.930726 2.18337 3 2.86092 12.87719 0 9.76457 7.3525 1 2 
155 44.530257 11.019961 0.71682 4 0.55814 11.9808 0 0.97351 9.3325 3 1 
156 44.646381 10.918656 2.18337 3 2.86092 12.87719 0 9.76457 7.3525 1 2 
157 44.629817 10.911359 6.17007 1 7.85673 37.57603 0 6.59389 3.7975 4 4 
158 44.595873 10.974174 1.61198 2 1.87511 14.73976 0 4.65248 5.3325 5 1 
159 44.654282 10.920075 1.26791 1 3.04286 21.33838 0 7.54948 3.3550 2 2 
160 44.643803 10.890940 2.18337 3 2.86092 12.87719 0 9.76457 7.3525 1 2 
161 44.664204 10.974826 1.61198 2 1.87511 14.73976 0 4.65248 5.3325 5 1 
162 44.626551 10.943452 2.18337 3 2.86092 12.87719 0 9.76457 7.3525 1 2 
163 44.641216 10.943818 2.18337 3 2.86092 12.87719 0 9.76457 7.3525 1 2 
164 44.706670 11.104341 1.26791 1 3.04286 21.33838 0 7.54948 3.3550 2 2 
165 44.647839 10.924372 6.17007 1 7.85673 37.57603 0 6.59389 3.7975 4 4 
166 44.645533 10.972414 2.18337 3 2.86092 12.87719 0 9.76457 7.3525 1 2 
167 44.661757 10.893162 2.18337 3 2.86092 12.87719 0 9.76457 7.3525 1 2 
168 44.671481 10.894920 6.17007 1 7.85673 37.57603 0 6.59389 3.7975 4 4 
169 44.646286 10.850892 1.26791 1 3.04286 21.33838 0 7.54948 3.3550 2 2 
170 44.649393 10.924580 6.17007 1 7.85673 37.57603 0 6.59389 3.7975 4 4 
171 44.639989 10.926191 1.26791 1 3.04286 21.33838 0 7.54948 3.3550 2 2 
172 44.644858 10.933528 2.18337 3 2.86092 12.87719 0 9.76457 7.3525 1 2 
173 44.643318 10.940758 2.18337 3 2.86092 12.87719 0 9.76457 7.3525 1 2 
174 44.641756 10.899191 1.26791 1 3.04286 21.33838 0 7.54948 3.3550 2 2 
175 44.642101 10.913961 1.61198 2 1.87511 14.73976 0 4.65248 5.3325 5 1 
176 44.649250 10.925743 2.18337 3 2.86092 12.87719 0 9.76457 7.3525 1 2 
177 44.638372 10.920484 1.61198 2 1.87511 14.73976 0 4.65248 5.3325 5 1 
178 44.650799 10.802457 0.71682 4 0.55814 11.9808 0 0.97351 9.3325 3 1 
179 44.637372 10.797124 6.17007 1 7.85673 37.57603 0 6.59389 3.7975 4 4 
180 44.605376 10.997620 6.17007 1 7.85673 37.57603 0 6.59389 3.7975 4 4 
181 44.641108 10.804805 2.18337 3 2.86092 12.87719 0 9.76457 7.3525 1 2 
182 44.640743 10.908169 6.17007 1 7.85673 37.57603 0 6.59389 3.7975 4 4 
183 44.646504 10.840999 1.61198 2 1.87511 14.73976 0 4.65248 5.3325 5 1 
184 44.665161 10.855601 2.18337 3 2.86092 12.87719 0 9.76457 7.3525 1 2 
185 44.640316 10.972176 1.26791 1 3.04286 21.33838 0 7.54948 3.3550 2 2 
186 44.654678 10.942877 1.26791 1 3.04286 21.33838 0 7.54948 3.3550 2 2 
187 44.659551 10.898291 2.18337 3 2.86092 12.87719 0 9.76457 7.3525 1 2 
188 44.621395 10.917592 1.26791 1 3.04286 21.33838 0 7.54948 3.3550 2 2 
189 44.642258 10.911866 6.17007 1 7.85673 37.57603 0 6.59389 3.7975 4 4 
190 44.635945 10.948656 0.71682 4 0.55814 11.9808 0 0.97351 9.3325 3 1 
191 44.657915 10.914884 2.18337 3 2.86092 12.87719 0 9.76457 7.3525 1 2 
192 44.624450 10.911829 1.26791 1 3.04286 21.33838 0 7.54948 3.3550 2 2 
193 44.627781 10.934815 1.26791 1 3.04286 21.33838 0 7.54948 3.3550 2 2 
194 44.688732 10.921788 1.61198 2 1.87511 14.73976 0 4.65248 5.3325 5 1 
195 44.623420 10.916989 0.71682 4 0.55814 11.9808 0 0.97351 9.3325 3 1 
196 44.626591 10.919601 0.71682 4 0.55814 11.9808 0 0.97351 9.3325 3 1 
197 44.662299 10.963512 1.61198 2 1.87511 14.73976 0 4.65248 5.3325 5 1 
198 44.630928 10.901713 2.18337 3 2.86092 12.87719 0 9.76457 7.3525 1 2 
199 44.638193 10.949588 2.18337 3 2.86092 12.87719 0 9.76457 7.3525 1 2 
200 44.659824 10.910984 1.26791 1 3.04286 21.33838 0 7.54948 3.3550 2 2 
201 44.656542 10.947323 2.18337 3 2.86092 12.87719 0 9.76457 7.3525 1 2 
202 44.654136 10.918169 1.61198 2 1.87511 14.73976 0 4.65248 5.3325 5 1 
203 44.647459 10.922236 2.18337 3 2.86092 12.87719 0 9.76457 7.3525 1 2 
204 44.606329 10.970405 6.17007 1 7.85673 37.57603 0 6.59389 3.7975 4 4 
205 44.600043 10.971707 0.71682 4 0.55814 11.9808 0 0.97351 9.3325 3 1 
206 44.647162 10.927196 1.61198 2 1.87511 14.73976 0 4.65248 5.3325 5 1 
207 44.624878 10.930252 2.18337 3 2.86092 12.87719 0 9.76457 7.3525 1 2 
208 44.656419 10.909598 6.17007 1 7.85673 37.57603 0 6.59389 3.7975 4 4 
209 44.882211 11.059934 1.26791 1 3.04286 21.33838 0 7.54948 3.3550 2 2 
210 44.683930 10.869963 2.18337 3 2.86092 12.87719 0 9.76457 7.3525 1 2 
211 44.629552 10.902643 1.61198 2 1.87511 14.73976 0 4.65248 5.3325 5 1 
212 44.634261 10.870183 2.18337 3 2.86092 12.87719 0 9.76457 7.3525 1 2 
213 44.641356 10.929899 6.17007 1 7.85673 37.57603 0 6.59389 3.7975 4 4 
214 44.675603 11.016675 6.17007 1 7.85673 37.57603 0 6.59389 3.7975 4 4 
215 44.679100 11.030249 0.71682 4 0.55814 11.9808 0 0.97351 9.3325 3 1 
216 44.651670 10.894234 1.26791 1 3.04286 21.33838 0 7.54948 3.3550 2 2 
217 44.645862 10.943654 1.26791 1 3.04286 21.33838 0 7.54948 3.3550 2 2 
218 44.646353 10.922097 1.61198 2 1.87511 14.73976 0 4.65248 5.3325 5 1 
219 44.640370 10.942235 2.18337 3 2.86092 12.87719 0 9.76457 7.3525 1 2 
220 44.630360 10.921717 1.61198 2 1.87511 14.73976 0 4.65248 5.3325 5 1 
221 44.656819 10.911915 0.71682 4 0.55814 11.9808 0 0.97351 9.3325 3 1 
222 44.634377 10.894371 0.71682 4 0.55814 11.9808 0 0.97351 9.3325 3 1 
223 44.839309 11.305532 0.71682 4 0.55814 11.9808 0 0.97351 9.3325 3 1 
224 44.626159 10.928194 0.71682 4 0.55814 11.9808 0 0.97351 9.3325 3 1 
225 44.652905 10.932157 6.17007 1 7.85673 37.57603 0 6.59389 3.7975 4 4 
226 44.664070 10.922878 1.61198 2 1.87511 14.73976 0 4.65248 5.3325 5 1 
227 44.613206 10.846712 6.17007 1 7.85673 37.57603 0 6.59389 3.7975 4 4 
228 44.555647 10.793730 0.71682 4 0.55814 11.9808 0 0.97351 9.3325 3 1 
229 44.657019 10.893371 2.18337 3 2.86092 12.87719 0 9.76457 7.3525 1 2 
230 44.636704 10.936763 1.26791 1 3.04286 21.33838 0 7.54948 3.3550 2 2 
231 44.659895 10.899966 1.26791 1 3.04286 21.33838 0 7.54948 3.3550 2 2 
232 44.640218 10.913038 1.26791 1 3.04286 21.33838 0 7.54948 3.3550 2 2 
233 44.631654 10.918496 0.71682 4 0.55814 11.9808 0 0.97351 9.3325 3 1 
234 44.656001 10.892861 0.71682 4 0.55814 11.9808 0 0.97351 9.3325 3 1 
235 44.874220 11.131523 2.18337 3 2.86092 12.87719 0 9.76457 7.3525 1 2 
236 44.619935 10.923400 0.71682 4 0.55814 11.9808 0 0.97351 9.3325 3 1 
237 44.662057 10.942532 2.18337 3 2.86092 12.87719 0 9.76457 7.3525 1 2 
238 44.659639 10.875012 6.17007 1 7.85673 37.57603 0 6.59389 3.7975 4 4 
239 44.630057 10.914521 0.71682 4 0.55814 11.9808 0 0.97351 9.3325 3 1 
240 44.629683 10.924988 1.26791 1 3.04286 21.33838 0 7.54948 3.3550 2 2 
241 44.609587 10.864279 2.18337 3 2.86092 12.87719 0 9.76457 7.3525 1 2 
242 44.608845 10.865446 6.17007 1 7.85673 37.57603 0 6.59389 3.7975 4 4 
243 44.637135 10.912478 0.71682 4 0.55814 11.9808 0 0.97351 9.3325 3 1 
244 44.636749 10.932037 1.26791 1 3.04286 21.33838 0 7.54948 3.3550 2 2 
245 44.655725 10.924865 2.18337 3 2.86092 12.87719 0 9.76457 7.3525 1 2 
246 44.659895 10.899966 2.18337 3 2.86092 12.87719 0 9.76457 7.3525 1 2 
247 44.653254 10.932656 1.26791 1 3.04286 21.33838 0 7.54948 3.3550 2 2 
248 44.670308 11.043170 1.61198 2 1.87511 14.73976 0 4.65248 5.3325 5 1 
249 44.636439 10.950364 6.17007 1 7.85673 37.57603 0 6.59389 3.7975 4 4 
250 44.643300 10.920191 1.61198 2 1.87511 14.73976 0 4.65248 5.3325 5 1 
251 44.691359 10.846343 2.18337 3 2.86092 12.87719 0 9.76457 7.3525 1 2 
252 44.688568 10.916532 1.61198 2 1.87511 14.73976 0 4.65248 5.3325 5 1 
253 44.641647 10.957794 6.17007 1 7.85673 37.57603 0 6.59389 3.7975 4 4 
254 44.594598 10.958338 2.18337 3 2.86092 12.87719 0 9.76457 7.3525 1 2 
255 44.693870 10.965992 6.17007 1 7.85673 37.57603 0 6.59389 3.7975 4 4 
256 44.626534 10.941492 2.18337 3 2.86092 12.87719 0 9.76457 7.3525 1 2 
257 44.726204 11.040994 1.61198 2 1.87511 14.73976 0 4.65248 5.3325 5 1 
258 44.536092 10.785718 1.61198 2 1.87511 14.73976 0 4.65248 5.3325 5 1 
259 44.645877 10.928974 1.61198 2 1.87511 14.73976 0 4.65248 5.3325 5 1 
260 44.633702 10.918978 6.17007 1 7.85673 37.57603 0 6.59389 3.7975 4 4 
261 44.695732 10.985324 6.17007 1 7.85673 37.57603 0 6.59389 3.7975 4 4 
262 44.661768 10.943031 1.26791 1 3.04286 21.33838 0 7.54948 3.3550 2 2 
263 44.649759 10.900387 1.26791 1 3.04286 21.33838 0 7.54948 3.3550 2 2 
264 44.645684 10.913780 1.61198 2 1.87511 14.73976 0 4.65248 5.3325 5 1 
265 44.620544 10.884007 1.26791 1 3.04286 21.33838 0 7.54948 3.3550 2 2 
266 44.849458 11.207727 1.61198 2 1.87511 14.73976 0 4.65248 5.3325 5 1 
267 44.350279 10.570652 2.18337 3 2.86092 12.87719 0 9.76457 7.3525 1 2 
268 44.654831 10.929634 2.18337 3 2.86092 12.87719 0 9.76457 7.3525 1 2 
269 44.593203 10.947346 0.71682 4 0.55814 11.9808 0 0.97351 9.3325 3 1 
270 44.231260 10.653671 6.17007 1 7.85673 37.57603 0 6.59389 3.7975 4 4 
271 44.650462 10.919184 1.26791 1 3.04286 21.33838 0 7.54948 3.3550 2 2 
272 44.690262 10.969892 0.71682 4 0.55814 11.9808 0 0.97351 9.3325 3 1 
273 44.620976 10.920928 1.61198 2 1.87511 14.73976 0 4.65248 5.3325 5 1 
274 44.636922 10.972156 0.71682 4 0.55814 11.9808 0 0.97351 9.3325 3 1 
275 44.647465 10.926259 2.18337 3 2.86092 12.87719 0 9.76457 7.3525 1 2 
276 44.661734 10.894775 1.61198 2 1.87511 14.73976 0 4.65248 5.3325 5 1 
277 44.641623 10.913198 2.18337 3 2.86092 12.87719 0 9.76457 7.3525 1 2 
278 44.710831 10.893089 1.26791 1 3.04286 21.33838 0 7.54948 3.3550 2 2 
279 44.630149 10.923425 1.61198 2 1.87511 14.73976 0 4.65248 5.3325 5 1 
280 44.649967 10.907460 2.18337 3 2.86092 12.87719 0 9.76457 7.3525 1 2 
281 44.632033 10.921797 1.26791 1 3.04286 21.33838 0 7.54948 3.3550 2 2 
282 44.542617 10.943059 1.26791 1 3.04286 21.33838 0 7.54948 3.3550 2 2 
283 44.666557 10.913467 6.17007 1 7.85673 37.57603 0 6.59389 3.7975 4 4 
284 44.637011 10.903547 0.71682 4 0.55814 11.9808 0 0.97351 9.3325 3 1 
285 44.638285 10.894099 1.61198 2 1.87511 14.73976 0 4.65248 5.3325 5 1 
286 44.500456 11.021603 1.26791 1 3.04286 21.33838 0 7.54948 3.3550 2 2 
287 44.641964 10.923701 1.26791 1 3.04286 21.33838 0 7.54948 3.3550 2 2 
288 44.634406 10.975937 2.18337 3 2.86092 12.87719 0 9.76457 7.3525 1 2 
289 44.653016 10.926072 1.61198 2 1.87511 14.73976 0 4.65248 5.3325 5 1 
290 44.637602 10.909784 1.26791 1 3.04286 21.33838 0 7.54948 3.3550 2 2 
291 44.647885 10.927507 2.18337 3 2.86092 12.87719 0 9.76457 7.3525 1 2 
292 44.657133 10.901686 0.71682 4 0.55814 11.9808 0 0.97351 9.3325 3 1 
293 44.621012 10.917444 0.71682 4 0.55814 11.9808 0 0.97351 9.3325 3 1 
294 44.611158 10.892885 0.71682 4 0.55814 11.9808 0 0.97351 9.3325 3 1 
295 44.644965 10.924770 1.26791 1 3.04286 21.33838 0 7.54948 3.3550 2 2 
296 44.628366 10.833977 1.61198 2 1.87511 14.73976 0 4.65248 5.3325 5 1 
297 44.645527 10.929868 2.18337 3 2.86092 12.87719 0 9.76457 7.3525 1 2 
298 44.667786 10.937702 1.61198 2 1.87511 14.73976 0 4.65248 5.3325 5 1 
299 44.684926 10.967801 2.18337 3 2.86092 12.87719 0 9.76457 7.3525 1 2 
300 44.704257 10.946627 2.18337 3 2.86092 12.87719 0 9.76457 7.3525 1 2 
301 44.644201 10.921690 6.17007 1 7.85673 37.57603 0 6.59389 3.7975 4 4 
302 44.634073 10.933342 6.17007 1 7.85673 37.57603 0 6.59389 3.7975 4 4 
303 44.653741 10.915598 1.26791 1 3.04286 21.33838 0 7.54948 3.3550 2 2 
304 44.667430 10.911528 6.17007 1 7.85673 37.57603 0 6.59389 3.7975 4 4 
305 44.639686 10.959344 1.26791 1 3.04286 21.33838 0 7.54948 3.3550 2 2 
306 44.646389 10.918171 1.61198 2 1.87511 14.73976 0 4.65248 5.3325 5 1 
307 44.642272 10.911903 2.18337 3 2.86092 12.87719 0 9.76457 7.3525 1 2 
308 44.617164 10.871696 1.26791 1 3.04286 21.33838 0 7.54948 3.3550 2 2 
309 44.643971 10.898794 1.26791 1 3.04286 21.33838 0 7.54948 3.3550 2 2 
310 44.899278 11.064949 1.26791 1 3.04286 21.33838 0 7.54948 3.3550 2 2 
311 44.651742 10.927013 6.17007 1 7.85673 37.57603 0 6.59389 3.7975 4 4 
312 44.653356 10.916260 2.18337 3 2.86092 12.87719 0 9.76457 7.3525 1 2 
313 44.603614 10.968888 2.18337 3 2.86092 12.87719 0 9.76457 7.3525 1 2 
314 44.641140 10.967674 1.61198 2 1.87511 14.73976 0 4.65248 5.3325 5 1 
315 44.647224 10.937482 6.17007 1 7.85673 37.57603 0 6.59389 3.7975 4 4 
316 44.666988 10.913848 6.17007 1 7.85673 37.57603 0 6.59389 3.7975 4 4 
317 44.627388 10.947458 1.61198 2 1.87511 14.73976 0 4.65248 5.3325 5 1 
318 44.585900 10.971445 2.18337 3 2.86092 12.87719 0 9.76457 7.3525 1 2 
319 44.627402 10.891416 6.17007 1 7.85673 37.57603 0 6.59389 3.7975 4 4 
320 44.670502 10.934840 1.61198 2 1.87511 14.73976 0 4.65248 5.3325 5 1 
321 44.662205 10.929626 2.18337 3 2.86092 12.87719 0 9.76457 7.3525 1 2 
322 44.645877 10.928974 6.17007 1 7.85673 37.57603 0 6.59389 3.7975 4 4 
323 44.653078 10.913648 1.26791 1 3.04286 21.33838 0 7.54948 3.3550 2 2 
324 44.714071 10.898405 1.61198 2 1.87511 14.73976 0 4.65248 5.3325 5 1 
325 44.636657 10.910483 2.18337 3 2.86092 12.87719 0 9.76457 7.3525 1 2 
326 44.641374 10.919607 6.17007 1 7.85673 37.57603 0 6.59389 3.7975 4 4 
327 44.651426 10.931734 1.61198 2 1.87511 14.73976 0 4.65248 5.3325 5 1 
328 44.640750 10.819774 0.71682 4 0.55814 11.9808 0 0.97351 9.3325 3 1 
329 44.630928 10.901713 6.17007 1 7.85673 37.57603 0 6.59389 3.7975 4 4 
330 44.659224 10.892006 1.26791 1 3.04286 21.33838 0 7.54948 3.3550 2 2 
331 44.602907 10.970402 2.18337 3 2.86092 12.87719 0 9.76457 7.3525 1 2 
332 44.657704 10.913445 1.26791 1 3.04286 21.33838 0 7.54948 3.3550 2 2 
333 44.635985 10.956004 1.26791 1 3.04286 21.33838 0 7.54948 3.3550 2 2 
334 44.638321 10.908776 2.18337 3 2.86092 12.87719 0 9.76457 7.3525 1 2 
335 44.730828 10.925050 1.26791 1 3.04286 21.33838 0 7.54948 3.3550 2 2 
336 44.641862 10.832317 1.26791 1 3.04286 21.33838 0 7.54948 3.3550 2 2 
337 44.547036 10.791965 1.61198 2 1.87511 14.73976 0 4.65248 5.3325 5 1 
338 44.601714 10.971095 2.18337 3 2.86092 12.87719 0 9.76457 7.3525 1 2 
339 44.635966 10.934109 2.18337 3 2.86092 12.87719 0 9.76457 7.3525 1 2 
340 44.543522 10.781224 6.17007 1 7.85673 37.57603 0 6.59389 3.7975 4 4 
341 44.628281 10.896484 1.61198 2 1.87511 14.73976 0 4.65248 5.3325 5 1 
342 44.630239 10.974414 0.71682 4 0.55814 11.9808 0 0.97351 9.3325 3 1 
343 44.537016 10.791756 0.71682 4 0.55814 11.9808 0 0.97351 9.3325 3 1 
344 44.657216 10.932591 1.26791 1 3.04286 21.33838 0 7.54948 3.3550 2 2 
345 44.657566 10.902329 0.71682 4 0.55814 11.9808 0 0.97351 9.3325 3 1 
346 44.627062 10.918328 0.71682 4 0.55814 11.9808 0 0.97351 9.3325 3 1 
347 44.630385 10.922742 1.26791 1 3.04286 21.33838 0 7.54948 3.3550 2 2 
348 44.576465 10.839595 1.26791 1 3.04286 21.33838 0 7.54948 3.3550 2 2 
349 44.645988 10.925689 0.71682 4 0.55814 11.9808 0 0.97351 9.3325 3 1 
350 44.643863 10.925188 0.71682 4 0.55814 11.9808 0 0.97351 9.3325 3 1 
351 44.652394 10.941063 6.17007 1 7.85673 37.57603 0 6.59389 3.7975 4 4 
352 44.645791 10.920157 1.26791 1 3.04286 21.33838 0 7.54948 3.3550 2 2 
353 44.634697 10.906682 2.18337 3 2.86092 12.87719 0 9.76457 7.3525 1 2 
354 44.666354 10.935281 1.61198 2 1.87511 14.73976 0 4.65248 5.3325 5 1 
355 44.646686 10.932939 0.71682 4 0.55814 11.9808 0 0.97351 9.3325 3 1 
356 44.617017 10.932033 6.17007 1 7.85673 37.57603 0 6.59389 3.7975 4 4 
357 44.639138 10.915636 1.61198 2 1.87511 14.73976 0 4.65248 5.3325 5 1 
358 44.638472 10.918212 0.71682 4 0.55814 11.9808 0 0.97351 9.3325 3 1 
359 44.607556 10.860359 1.26791 1 3.04286 21.33838 0 7.54948 3.3550 2 2 
360 44.642117 10.964191 1.61198 2 1.87511 14.73976 0 4.65248 5.3325 5 1 
361 44.677450 11.040029 6.17007 1 7.85673 37.57603 0 6.59389 3.7975 4 4 
362 44.632002 10.951581 1.61198 2 1.87511 14.73976 0 4.65248 5.3325 5 1 
363 44.626907 10.904886 1.26791 1 3.04286 21.33838 0 7.54948 3.3550 2 2 
364 44.613852 10.887416 6.17007 1 7.85673 37.57603 0 6.59389 3.7975 4 4 
365 44.621478 10.909658 1.61198 2 1.87511 14.73976 0 4.65248 5.3325 5 1 
366 44.674217 10.952219 0.71682 4 0.55814 11.9808 0 0.97351 9.3325 3 1 
367 44.550152 10.924810 1.61198 2 1.87511 14.73976 0 4.65248 5.3325 5 1 
368 44.629734 10.970472 6.17007 1 7.85673 37.57603 0 6.59389 3.7975 4 4 
369 44.645031 10.901825 1.26791 1 3.04286 21.33838 0 7.54948 3.3550 2 2 
370 44.648266 10.909767 1.26791 1 3.04286 21.33838 0 7.54948 3.3550 2 2 
371 44.625685 10.944142 0.71682 4 0.55814 11.9808 0 0.97351 9.3325 3 1 
372 44.640327 10.918668 1.26791 1 3.04286 21.33838 0 7.54948 3.3550 2 2 
373 44.629552 10.902643 6.17007 1 7.85673 37.57603 0 6.59389 3.7975 4 4 
374 44.600149 10.860586 1.61198 2 1.87511 14.73976 0 4.65248 5.3325 5 1 
375 44.667966 10.937350 2.18337 3 2.86092 12.87719 0 9.76457 7.3525 1 2 
376 44.655234 10.962582 1.61198 2 1.87511 14.73976 0 4.65248 5.3325 5 1 
377 44.630848 10.935448 1.26791 1 3.04286 21.33838 0 7.54948 3.3550 2 2 
378 44.618136 10.924923 6.17007 1 7.85673 37.57603 0 6.59389 3.7975 4 4 
379 44.535869 11.016590 0.71682 4 0.55814 11.9808 0 0.97351 9.3325 3 1 
380 44.640469 10.917892 2.18337 3 2.86092 12.87719 0 9.76457 7.3525 1 2 
381 44.655157 10.937415 1.26791 1 3.04286 21.33838 0 7.54948 3.3550 2 2 
382 44.646366 10.925770 0.71682 4 0.55814 11.9808 0 0.97351 9.3325 3 1 
383 44.621911 10.937752 6.17007 1 7.85673 37.57603 0 6.59389 3.7975 4 4 
384 44.531849 10.880748 0.71682 4 0.55814 11.9808 0 0.97351 9.3325 3 1 
385 44.626765 10.930694 0.71682 4 0.55814 11.9808 0 0.97351 9.3325 3 1 
386 44.631483 10.966768 6.17007 1 7.85673 37.57603 0 6.59389 3.7975 4 4 
387 44.704346 10.900756 1.61198 2 1.87511 14.73976 0 4.65248 5.3325 5 1 
388 44.646765 10.924365 2.18337 3 2.86092 12.87719 0 9.76457 7.3525 1 2 
389 44.525286 10.893328 1.61198 2 1.87511 14.73976 0 4.65248 5.3325 5 1 
390 44.653593 10.902316 2.18337 3 2.86092 12.87719 0 9.76457 7.3525 1 2 
391 44.287734 10.673753 0.71682 4 0.55814 11.9808 0 0.97351 9.3325 3 1 
392 44.684816 10.890356 2.18337 3 2.86092 12.87719 0 9.76457 7.3525 1 2 
393 44.586021 10.915017 2.18337 3 2.86092 12.87719 0 9.76457 7.3525 1 2 
394 44.629322 10.918539 6.17007 1 7.85673 37.57603 0 6.59389 3.7975 4 4 
395 44.634962 10.908556 2.18337 3 2.86092 12.87719 0 9.76457 7.3525 1 2 
396 44.688915 10.919713 1.61198 2 1.87511 14.73976 0 4.65248 5.3325 5 1 
397 44.604387 10.968903 1.26791 1 3.04286 21.33838 0 7.54948 3.3550 2 2 
398 44.655253 10.886457 6.17007 1 7.85673 37.57603 0 6.59389 3.7975 4 4 
399 44.654995 10.877398 1.61198 2 1.87511 14.73976 0 4.65248 5.3325 5 1 
400 44.645781 10.923031 1.61198 2 1.87511 14.73976 0 4.65248 5.3325 5 1 
401 44.800015 10.992203 0.71682 4 0.55814 11.9808 0 0.97351 9.3325 3 1 
402 44.637842 10.935338 6.17007 1 7.85673 37.57603 0 6.59389 3.7975 4 4 
403 44.627633 10.896664 1.61198 2 1.87511 14.73976 0 4.65248 5.3325 5 1 
404 44.628446 10.914559 0.71682 4 0.55814 11.9808 0 0.97351 9.3325 3 1 
405 44.637133 10.913905 2.18337 3 2.86092 12.87719 0 9.76457 7.3525 1 2 
406 44.616335 10.927542 0.71682 4 0.55814 11.9808 0 0.97351 9.3325 3 1 
407 44.629529 10.963538 1.26791 1 3.04286 21.33838 0 7.54948 3.3550 2 2 
408 44.622417 10.916021 6.17007 1 7.85673 37.57603 0 6.59389 3.7975 4 4 
409 44.697617 10.905624 6.17007 1 7.85673 37.57603 0 6.59389 3.7975 4 4 
410 44.670082 10.869722 1.61198 2 1.87511 14.73976 0 4.65248 5.3325 5 1 
411 44.637409 10.949981 6.17007 1 7.85673 37.57603 0 6.59389 3.7975 4 4 
412 44.618619 10.887601 1.61198 2 1.87511 14.73976 0 4.65248 5.3325 5 1 
413 44.628547 10.911876 1.61198 2 1.87511 14.73976 0 4.65248 5.3325 5 1 
414 44.672752 10.933463 1.61198 2 1.87511 14.73976 0 4.65248 5.3325 5 1 
415 44.656381 10.903127 0.71682 4 0.55814 11.9808 0 0.97351 9.3325 3 1 
416 44.656150 10.969054 1.26791 1 3.04286 21.33838 0 7.54948 3.3550 2 2 
417 44.633656 10.899052 0.71682 4 0.55814 11.9808 0 0.97351 9.3325 3 1 
418 44.634192 10.925248 6.17007 1 7.85673 37.57603 0 6.59389 3.7975 4 4 
419 44.637533 10.913619 6.17007 1 7.85673 37.57603 0 6.59389 3.7975 4 4 
420 44.631074 10.951644 2.18337 3 2.86092 12.87719 0 9.76457 7.3525 1 2 
421 44.646067 10.852251 6.17007 1 7.85673 37.57603 0 6.59389 3.7975 4 4 
422 44.638342 10.917931 0.71682 4 0.55814 11.9808 0 0.97351 9.3325 3 1 
423 44.530956 11.015722 1.61198 2 1.87511 14.73976 0 4.65248 5.3325 5 1 
424 44.651885 10.958244 1.61198 2 1.87511 14.73976 0 4.65248 5.3325 5 1 
425 44.536802 10.813365 1.26791 1 3.04286 21.33838 0 7.54948 3.3550 2 2 
426 44.631068 10.898911 1.26791 1 3.04286 21.33838 0 7.54948 3.3550 2 2 
427 44.512426 10.946981 2.18337 3 2.86092 12.87719 0 9.76457 7.3525 1 2 
428 44.880144 11.058174 1.26791 1 3.04286 21.33838 0 7.54948 3.3550 2 2 
429 44.659502 10.930154 6.17007 1 7.85673 37.57603 0 6.59389 3.7975 4 4 
430 44.886839 10.897389 6.17007 1 7.85673 37.57603 0 6.59389 3.7975 4 4 
431 44.651177 10.950521 1.26791 1 3.04286 21.33838 0 7.54948 3.3550 2 2 
432 44.654330 10.948790 1.61198 2 1.87511 14.73976 0 4.65248 5.3325 5 1 
433 44.654201 10.951187 1.26791 1 3.04286 21.33838 0 7.54948 3.3550 2 2 
434 44.652975 10.944591 1.26791 1 3.04286 21.33838 0 7.54948 3.3550 2 2 
435 44.653286 10.948375 1.61198 2 1.87511 14.73976 0 4.65248 5.3325 5 1 
436 44.665326 10.913667 0.71682 4 0.55814 11.9808 0 0.97351 9.3325 3 1 
437 44.641348 10.955361 1.61198 2 1.87511 14.73976 0 4.65248 5.3325 5 1 
438 44.640473 10.964498 1.26791 1 3.04286 21.33838 0 7.54948 3.3550 2 2 
439 44.738491 10.921015 0.71682 4 0.55814 11.9808 0 0.97351 9.3325 3 1 
440 44.644663 10.942872 1.26791 1 3.04286 21.33838 0 7.54948 3.3550 2 2 
441 44.624450 10.904349 1.61198 2 1.87511 14.73976 0 4.65248 5.3325 5 1 
442 44.658350 10.860539 1.61198 2 1.87511 14.73976 0 4.65248 5.3325 5 1 
443 44.664187 10.926576 1.26791 1 3.04286 21.33838 0 7.54948 3.3550 2 2 
444 44.658901 10.879782 6.17007 1 7.85673 37.57603 0 6.59389 3.7975 4 4 
445 44.665059 10.898412 0.71682 4 0.55814 11.9808 0 0.97351 9.3325 3 1 
446 44.629935 10.910739 1.26791 1 3.04286 21.33838 0 7.54948 3.3550 2 2 
447 44.524906 10.857139 0.71682 4 0.55814 11.9808 0 0.97351 9.3325 3 1 
448 44.649623 10.798980 0.71682 4 0.55814 11.9808 0 0.97351 9.3325 3 1 
449 44.709257 10.915417 2.18337 3 2.86092 12.87719 0 9.76457 7.3525 1 2 
450 44.615566 10.975004 0.71682 4 0.55814 11.9808 0 0.97351 9.3325 3 1 
451 44.661430 10.936986 0.71682 4 0.55814 11.9808 0 0.97351 9.3325 3 1 
452 44.647725 10.924663 1.61198 2 1.87511 14.73976 0 4.65248 5.3325 5 1 
453 44.646696 10.927112 1.26791 1 3.04286 21.33838 0 7.54948 3.3550 2 2 
454 44.652502 10.933116 0.71682 4 0.55814 11.9808 0 0.97351 9.3325 3 1 
455 44.585493 11.021807 2.18337 3 2.86092 12.87719 0 9.76457 7.3525 1 2 
456 44.891514 10.899811 0.71682 4 0.55814 11.9808 0 0.97351 9.3325 3 1 
457 44.640218 10.913038 6.17007 1 7.85673 37.57603 0 6.59389 3.7975 4 4 
458 44.629911 10.915059 6.17007 1 7.85673 37.57603 0 6.59389 3.7975 4 4 
459 44.632760 10.917931 1.61198 2 1.87511 14.73976 0 4.65248 5.3325 5 1 
460 44.631068 10.898911 6.17007 1 7.85673 37.57603 0 6.59389 3.7975 4 4 
461 44.652105 10.941882 0.71682 4 0.55814 11.9808 0 0.97351 9.3325 3 1 
462 44.659414 10.936595 6.17007 1 7.85673 37.57603 0 6.59389 3.7975 4 4 
463 44.630996 10.897647 2.18337 3 2.86092 12.87719 0 9.76457 7.3525 1 2 
464 44.690809 10.971557 6.17007 1 7.85673 37.57603 0 6.59389 3.7975 4 4 
465 44.633135 10.924720 1.26791 1 3.04286 21.33838 0 7.54948 3.3550 2 2 
466 44.669708 10.897511 1.61198 2 1.87511 14.73976 0 4.65248 5.3325 5 1 
467 44.751810 11.005553 6.17007 1 7.85673 37.57603 0 6.59389 3.7975 4 4 
468 44.571586 10.856023 1.61198 2 1.87511 14.73976 0 4.65248 5.3325 5 1 
469 44.674959 11.031031 1.61198 2 1.87511 14.73976 0 4.65248 5.3325 5 1 
470 44.647459 10.934743 0.71682 4 0.55814 11.9808 0 0.97351 9.3325 3 1 
471 44.565545 11.036248 6.17007 1 7.85673 37.57603 0 6.59389 3.7975 4 4 
472 44.607740 10.868669 6.17007 1 7.85673 37.57603 0 6.59389 3.7975 4 4 
473 44.626318 10.945224 0.71682 4 0.55814 11.9808 0 0.97351 9.3325 3 1 
474 44.567571 10.833677 2.18337 3 2.86092 12.87719 0 9.76457 7.3525 1 2 
475 44.644731 10.926218 0.71682 4 0.55814 11.9808 0 0.97351 9.3325 3 1 
476 44.625819 10.942849 2.18337 3 2.86092 12.87719 0 9.76457 7.3525 1 2 
477 44.666505 10.912130 2.18337 3 2.86092 12.87719 0 9.76457 7.3525 1 2 
478 44.629155 10.922538 0.71682 4 0.55814 11.9808 0 0.97351 9.3325 3 1 
479 44.613571 10.933750 6.17007 1 7.85673 37.57603 0 6.59389 3.7975 4 4 
480 44.657409 10.912315 1.26791 1 3.04286 21.33838 0 7.54948 3.3550 2 2 
481 44.652983 10.931346 0.71682 4 0.55814 11.9808 0 0.97351 9.3325 3 1 
482 44.640198 10.938021 0.71682 4 0.55814 11.9808 0 0.97351 9.3325 3 1 
483 44.610197 10.870414 1.26791 1 3.04286 21.33838 0 7.54948 3.3550 2 2 
484 44.653366 10.926021 0.71682 4 0.55814 11.9808 0 0.97351 9.3325 3 1 
485 44.648444 10.925599 2.18337 3 2.86092 12.87719 0 9.76457 7.3525 1 2 
486 44.575950 10.836631 6.17007 1 7.85673 37.57603 0 6.59389 3.7975 4 4 
487 44.625200 10.925519 2.18337 3 2.86092 12.87719 0 9.76457 7.3525 1 2 
488 44.647604 10.943819 1.26791 1 3.04286 21.33838 0 7.54948 3.3550 2 2 
489 44.658991 10.881291 0.71682 4 0.55814 11.9808 0 0.97351 9.3325 3 1 
490 44.637326 10.938163 1.26791 1 3.04286 21.33838 0 7.54948 3.3550 2 2 
491 44.627114 10.948538 1.26791 1 3.04286 21.33838 0 7.54948 3.3550 2 2 
492 44.713931 10.913336 6.17007 1 7.85673 37.57603 0 6.59389 3.7975 4 4 
493 44.641298 10.909027 1.61198 2 1.87511 14.73976 0 4.65248 5.3325 5 1 
494 44.648309 10.920084 2.18337 3 2.86092 12.87719 0 9.76457 7.3525 1 2 
495 44.644287 10.912538 0.71682 4 0.55814 11.9808 0 0.97351 9.3325 3 1 
496 44.623788 10.933311 1.26791 1 3.04286 21.33838 0 7.54948 3.3550 2 2 
497 44.628905 10.919377 1.61198 2 1.87511 14.73976 0 4.65248 5.3325 5 1 
498 44.668482 10.864839 1.61198 2 1.87511 14.73976 0 4.65248 5.3325 5 1 
499 44.652706 10.934439 0.71682 4 0.55814 11.9808 0 0.97351 9.3325 3 1 
500 44.689984 10.974721 6.17007 1 7.85673 37.57603 0 6.59389 3.7975 4 4 
501 44.648011 10.922960 0.71682 4 0.55814 11.9808 0 0.97351 9.3325 3 1 
502 44.641933 10.922145 1.61198 2 1.87511 14.73976 0 4.65248 5.3325 5 1 
503 44.656418 10.910370 2.18337 3 2.86092 12.87719 0 9.76457 7.3525 1 2 
504 44.644802 10.921053 1.26791 1 3.04286 21.33838 0 7.54948 3.3550 2 2 
505 44.644858 10.933528 6.17007 1 7.85673 37.57603 0 6.59389 3.7975 4 4 
506 44.595437 10.913058 0.71682 4 0.55814 11.9808 0 0.97351 9.3325 3 1 
507 44.661658 10.888580 2.18337 3 2.86092 12.87719 0 9.76457 7.3525 1 2 
508 44.631915 10.954364 0.71682 4 0.55814 11.9808 0 0.97351 9.3325 3 1 
509 44.621907 10.931437 0.71682 4 0.55814 11.9808 0 0.97351 9.3325 3 1 
510 44.644342 10.895220 6.17007 1 7.85673 37.57603 0 6.59389 3.7975 4 4 
511 44.653058 10.916925 2.18337 3 2.86092 12.87719 0 9.76457 7.3525 1 2 
512 44.644947 10.912165 6.17007 1 7.85673 37.57603 0 6.59389 3.7975 4 4 
513 44.721629 10.891531 6.17007 1 7.85673 37.57603 0 6.59389 3.7975 4 4 
514 44.661259 10.893564 6.17007 1 7.85673 37.57603 0 6.59389 3.7975 4 4 
515 44.628283 10.939207 2.18337 3 2.86092 12.87719 0 9.76457 7.3525 1 2 
516 44.621690 10.943570 1.61198 2 1.87511 14.73976 0 4.65248 5.3325 5 1 
517 44.539518 10.898830 2.18337 3 2.86092 12.87719 0 9.76457 7.3525 1 2 
518 44.661951 10.926243 2.18337 3 2.86092 12.87719 0 9.76457 7.3525 1 2 
519 44.533598 11.025887 1.61198 2 1.87511 14.73976 0 4.65248 5.3325 5 1 
520 44.629045 10.922147 1.26791 1 3.04286 21.33838 0 7.54948 3.3550 2 2 
521 44.674281 10.935397 1.61198 2 1.87511 14.73976 0 4.65248 5.3325 5 1 
522 44.685044 10.895386 2.18337 3 2.86092 12.87719 0 9.76457 7.3525 1 2 
523 44.649192 10.858874 1.26791 1 3.04286 21.33838 0 7.54948 3.3550 2 2 
524 44.632036 10.935185 1.61198 2 1.87511 14.73976 0 4.65248 5.3325 5 1 
525 44.605001 10.874091 1.26791 1 3.04286 21.33838 0 7.54948 3.3550 2 2 
526 44.649291 10.849618 1.61198 2 1.87511 14.73976 0 4.65248 5.3325 5 1 
527 44.620079 10.942159 1.26791 1 3.04286 21.33838 0 7.54948 3.3550 2 2 
528 44.638625 10.950048 0.71682 4 0.55814 11.9808 0 0.97351 9.3325 3 1 
529 44.599109 10.928830 6.17007 1 7.85673 37.57603 0 6.59389 3.7975 4 4 
530 44.620861 10.851413 0.71682 4 0.55814 11.9808 0 0.97351 9.3325 3 1 
531 44.650766 10.895095 0.71682 4 0.55814 11.9808 0 0.97351 9.3325 3 1 
532 44.651590 10.914133 1.61198 2 1.87511 14.73976 0 4.65248 5.3325 5 1 
533 44.646211 10.926659 2.18337 3 2.86092 12.87719 0 9.76457 7.3525 1 2 
534 44.651407 10.858080 0.71682 4 0.55814 11.9808 0 0.97351 9.3325 3 1 
535 44.647784 10.941944 2.18337 3 2.86092 12.87719 0 9.76457 7.3525 1 2 
536 44.246237 10.716472 0.71682 4 0.55814 11.9808 0 0.97351 9.3325 3 1 
537 44.645431 10.943449 0.71682 4 0.55814 11.9808 0 0.97351 9.3325 3 1 
538 44.618797 10.909824 1.61198 2 1.87511 14.73976 0 4.65248 5.3325 5 1 
539 44.657801 10.919527 1.61198 2 1.87511 14.73976 0 4.65248 5.3325 5 1 
540 44.645544 10.911004 0.71682 4 0.55814 11.9808 0 0.97351 9.3325 3 1 
541 44.591132 10.949554 2.18337 3 2.86092 12.87719 0 9.76457 7.3525 1 2 
542 44.635645 10.923698 2.18337 3 2.86092 12.87719 0 9.76457 7.3525 1 2 
543 44.645082 10.943258 1.26791 1 3.04286 21.33838 0 7.54948 3.3550 2 2 
544 44.639693 10.952252 0.71682 4 0.55814 11.9808 0 0.97351 9.3325 3 1 
545 44.659528 10.968969 1.61198 2 1.87511 14.73976 0 4.65248 5.3325 5 1 
546 44.579093 10.852981 0.71682 4 0.55814 11.9808 0 0.97351 9.3325 3 1 
547 44.652225 10.931912 1.26791 1 3.04286 21.33838 0 7.54948 3.3550 2 2 
548 44.630195 10.925437 0.71682 4 0.55814 11.9808 0 0.97351 9.3325 3 1 
549 44.630251 10.984282 1.26791 1 3.04286 21.33838 0 7.54948 3.3550 2 2 
550 44.639162 10.950306 1.61198 2 1.87511 14.73976 0 4.65248 5.3325 5 1 