750 lat long pcc pcn mem st bw sd cost service task
1 44.633106 10.939678 1.61198 2 1.87511 14.73976 0 4.65248 5.3325 5 1 
2 44.647793 10.930327 6.17007 1 7.85673 37.57603 0 6.59389 3.7975 4 4 
3 44.650514 10.938734 1.61198 2 1.87511 14.73976 0 4.65248 5.3325 5 1 
4 44.654346 10.909586 6.17007 1 7.85673 37.57603 0 6.59389 3.7975 4 4 
5 44.656694 10.898991 0.71682 4 0.55814 11.9808 0 0.97351 9.3325 3 1 
6 44.645649 10.921296 1.61198 2 1.87511 14.73976 0 4.65248 5.3325 5 1 
7 44.633450 10.924301 1.26791 1 3.04286 21.33838 0 7.54948 3.3550 2 2 
8 44.642667 10.928747 1.26791 1 3.04286 21.33838 0 7.54948 3.3550 2 2 
9 44.628245 10.808032 2.18337 3 2.86092 12.87719 0 9.76457 7.3525 1 2 
10 44.602418 10.919662 0.71682 4 0.55814 11.9808 0 0.97351 9.3325 3 1 
11 44.849179 11.069823 1.26791 1 3.04286 21.33838 0 7.54948 3.3550 2 2 
12 44.638755 10.897222 1.26791 1 3.04286 21.33838 0 7.54948 3.3550 2 2 
13 44.620737 10.980565 2.18337 3 2.86092 12.87719 0 9.76457 7.3525 1 2 
14 44.644635 10.842004 1.61198 2 1.87511 14.73976 0 4.65248 5.3325 5 1 
15 44.675135 10.900189 1.26791 1 3.04286 21.33838 0 7.54948 3.3550 2 2 
16 44.623639 10.935868 0.71682 4 0.55814 11.9808 0 0.97351 9.3325 3 1 
17 44.627010 10.940864 0.71682 4 0.55814 11.9808 0 0.97351 9.3325 3 1 
18 44.644637 10.929353 0.71682 4 0.55814 11.9808 0 0.97351 9.3325 3 1 
19 44.644954 10.925246 1.61198 2 1.87511 14.73976 0 4.65248 5.3325 5 1 
20 44.689813 10.913941 1.26791 1 3.04286 21.33838 0 7.54948 3.3550 2 2 
21 44.656825 10.875966 6.17007 1 7.85673 37.57603 0 6.59389 3.7975 4 4 
22 44.657739 10.912519 2.18337 3 2.86092 12.87719 0 9.76457 7.3525 1 2 
23 44.628634 10.939588 6.17007 1 7.85673 37.57603 0 6.59389 3.7975 4 4 
24 44.286752 10.672077 6.17007 1 7.85673 37.57603 0 6.59389 3.7975 4 4 
25 44.619638 10.941135 2.18337 3 2.86092 12.87719 0 9.76457 7.3525 1 2 
26 44.287087 10.666050 1.61198 2 1.87511 14.73976 0 4.65248 5.3325 5 1 
27 44.651896 10.917380 2.18337 3 2.86092 12.87719 0 9.76457 7.3525 1 2 
28 44.635734 10.947216 1.26791 1 3.04286 21.33838 0 7.54948 3.3550 2 2 
29 44.646774 10.921880 0.71682 4 0.55814 11.9808 0 0.97351 9.3325 3 1 
30 44.600704 10.973442 6.17007 1 7.85673 37.57603 0 6.59389 3.7975 4 4 
31 44.657643 10.949641 6.17007 1 7.85673 37.57603 0 6.59389 3.7975 4 4 
32 44.656930 10.898282 2.18337 3 2.86092 12.87719 0 9.76457 7.3525 1 2 
33 44.678402 10.930480 1.26791 1 3.04286 21.33838 0 7.54948 3.3550 2 2 
34 44.651569 10.867872 1.26791 1 3.04286 21.33838 0 7.54948 3.3550 2 2 
35 44.630666 10.909429 0.71682 4 0.55814 11.9808 0 0.97351 9.3325 3 1 
36 44.641209 10.921766 1.26791 1 3.04286 21.33838 0 7.54948 3.3550 2 2 
37 44.656308 10.896589 0.71682 4 0.55814 11.9808 0 0.97351 9.3325 3 1 
38 44.629226 10.927507 1.26791 1 3.04286 21.33838 0 7.54948 3.3550 2 2 
39 44.643386 10.932400 2.18337 3 2.86092 12.87719 0 9.76457 7.3525 1 2 
40 44.666572 10.892736 2.18337 3 2.86092 12.87719 0 9.76457 7.3525 1 2 
41 44.662543 10.890877 1.61198 2 1.87511 14.73976 0 4.65248 5.3325 5 1 
42 44.643496 10.945125 0.71682 4 0.55814 11.9808 0 0.97351 9.3325 3 1 
43 44.595485 11.035603 0.71682 4 0.55814 11.9808 0 0.97351 9.3325 3 1 
44 44.659224 10.892006 6.17007 1 7.85673 37.57603 0 6.59389 3.7975 4 4 
45 44.575189 10.919481 2.18337 3 2.86092 12.87719 0 9.76457 7.3525 1 2 
46 44.635463 10.907084 1.26791 1 3.04286 21.33838 0 7.54948 3.3550 2 2 
47 44.624635 10.940973 2.18337 3 2.86092 12.87719 0 9.76457 7.3525 1 2 
48 44.624822 10.945836 1.61198 2 1.87511 14.73976 0 4.65248 5.3325 5 1 
49 44.638496 10.856699 6.17007 1 7.85673 37.57603 0 6.59389 3.7975 4 4 
50 44.634172 10.924156 0.71682 4 0.55814 11.9808 0 0.97351 9.3325 3 1 
51 44.632706 10.948055 1.61198 2 1.87511 14.73976 0 4.65248 5.3325 5 1 
52 44.639802 10.806131 6.17007 1 7.85673 37.57603 0 6.59389 3.7975 4 4 
53 44.554313 10.797328 1.61198 2 1.87511 14.73976 0 4.65248 5.3325 5 1 
54 44.639347 10.930972 2.18337 3 2.86092 12.87719 0 9.76457 7.3525 1 2 
55 44.632474 10.934182 0.71682 4 0.55814 11.9808 0 0.97351 9.3325 3 1 
56 44.623001 10.924100 6.17007 1 7.85673 37.57603 0 6.59389 3.7975 4 4 
57 44.610405 10.920063 6.17007 1 7.85673 37.57603 0 6.59389 3.7975 4 4 
58 44.628929 10.888966 2.18337 3 2.86092 12.87719 0 9.76457 7.3525 1 2 
59 44.536086 10.820911 2.18337 3 2.86092 12.87719 0 9.76457 7.3525 1 2 
60 44.642992 10.964084 6.17007 1 7.85673 37.57603 0 6.59389 3.7975 4 4 
61 44.632606 10.952201 2.18337 3 2.86092 12.87719 0 9.76457 7.3525 1 2 
62 44.612079 10.911914 2.18337 3 2.86092 12.87719 0 9.76457 7.3525 1 2 
63 44.884381 11.060460 1.61198 2 1.87511 14.73976 0 4.65248 5.3325 5 1 
64 44.655157 10.937415 0.71682 4 0.55814 11.9808 0 0.97351 9.3325 3 1 
65 44.656471 10.939548 2.18337 3 2.86092 12.87719 0 9.76457 7.3525 1 2 
66 44.668201 10.936144 2.18337 3 2.86092 12.87719 0 9.76457 7.3525 1 2 
67 44.641038 10.891075 1.61198 2 1.87511 14.73976 0 4.65248 5.3325 5 1 
68 44.636720 10.901462 2.18337 3 2.86092 12.87719 0 9.76457 7.3525 1 2 
69 44.601834 10.957643 1.61198 2 1.87511 14.73976 0 4.65248 5.3325 5 1 
70 44.650462 10.919184 1.61198 2 1.87511 14.73976 0 4.65248 5.3325 5 1 
71 44.637160 10.934742 1.26791 1 3.04286 21.33838 0 7.54948 3.3550 2 2 
72 44.578835 10.829993 0.71682 4 0.55814 11.9808 0 0.97351 9.3325 3 1 
73 44.641515 10.891953 1.26791 1 3.04286 21.33838 0 7.54948 3.3550 2 2 
74 44.632772 10.899272 6.17007 1 7.85673 37.57603 0 6.59389 3.7975 4 4 
75 44.647080 10.923876 1.26791 1 3.04286 21.33838 0 7.54948 3.3550 2 2 
76 44.609558 10.850379 0.71682 4 0.55814 11.9808 0 0.97351 9.3325 3 1 
77 44.696834 10.889165 6.17007 1 7.85673 37.57603 0 6.59389 3.7975 4 4 
78 44.660988 10.921575 2.18337 3 2.86092 12.87719 0 9.76457 7.3525 1 2 
79 44.538036 10.793516 1.61198 2 1.87511 14.73976 0 4.65248 5.3325 5 1 
80 44.626914 10.907268 2.18337 3 2.86092 12.87719 0 9.76457 7.3525 1 2 
81 44.635266 10.928746 1.26791 1 3.04286 21.33838 0 7.54948 3.3550 2 2 
82 44.639521 10.911066 2.18337 3 2.86092 12.87719 0 9.76457 7.3525 1 2 
83 44.688568 10.916532 6.17007 1 7.85673 37.57603 0 6.59389 3.7975 4 4 
84 44.671741 10.866392 0.71682 4 0.55814 11.9808 0 0.97351 9.3325 3 1 
85 44.660419 10.896387 0.71682 4 0.55814 11.9808 0 0.97351 9.3325 3 1 
86 44.641915 10.915624 0.71682 4 0.55814 11.9808 0 0.97351 9.3325 3 1 
87 44.657931 10.878713 0.71682 4 0.55814 11.9808 0 0.97351 9.3325 3 1 
88 44.645113 10.907136 0.71682 4 0.55814 11.9808 0 0.97351 9.3325 3 1 
89 44.683176 10.896164 0.71682 4 0.55814 11.9808 0 0.97351 9.3325 3 1 
90 44.630498 10.947769 6.17007 1 7.85673 37.57603 0 6.59389 3.7975 4 4 
91 44.649044 10.900630 1.26791 1 3.04286 21.33838 0 7.54948 3.3550 2 2 
92 44.666557 10.913467 1.61198 2 1.87511 14.73976 0 4.65248 5.3325 5 1 
93 44.627757 10.918063 1.61198 2 1.87511 14.73976 0 4.65248 5.3325 5 1 
94 44.699421 10.885404 6.17007 1 7.85673 37.57603 0 6.59389 3.7975 4 4 
95 44.602478 10.860014 1.61198 2 1.87511 14.73976 0 4.65248 5.3325 5 1 
96 44.685449 10.966954 2.18337 3 2.86092 12.87719 0 9.76457 7.3525 1 2 
97 44.679437 11.040059 1.61198 2 1.87511 14.73976 0 4.65248 5.3325 5 1 
98 44.639332 10.962251 1.61198 2 1.87511 14.73976 0 4.65248 5.3325 5 1 
99 44.641242 10.890510 1.61198 2 1.87511 14.73976 0 4.65248 5.3325 5 1 
100 44.659737 10.895949 2.18337 3 2.86092 12.87719 0 9.76457 7.3525 1 2 
101 44.633829 10.969333 1.61198 2 1.87511 14.73976 0 4.65248 5.3325 5 1 
102 44.604481 10.861827 6.17007 1 7.85673 37.57603 0 6.59389 3.7975 4 4 
103 44.580008 10.911161 0.71682 4 0.55814 11.9808 0 0.97351 9.3325 3 1 
104 44.649247 10.926936 2.18337 3 2.86092 12.87719 0 9.76457 7.3525 1 2 
105 44.640578 10.914095 1.26791 1 3.04286 21.33838 0 7.54948 3.3550 2 2 
106 44.628713 10.922815 0.71682 4 0.55814 11.9808 0 0.97351 9.3325 3 1 
107 44.657407 10.904793 2.18337 3 2.86092 12.87719 0 9.76457 7.3525 1 2 
108 44.636245 10.926057 2.18337 3 2.86092 12.87719 0 9.76457 7.3525 1 2 
109 44.644122 10.942273 2.18337 3 2.86092 12.87719 0 9.76457 7.3525 1 2 
110 44.636749 10.932037 1.61198 2 1.87511 14.73976 0 4.65248 5.3325 5 1 
111 44.634459 10.925545 1.26791 1 3.04286 21.33838 0 7.54948 3.3550 2 2 
112 44.634426 10.871266 0.71682 4 0.55814 11.9808 0 0.97351 9.3325 3 1 
113 44.662602 10.898617 1.61198 2 1.87511 14.73976 0 4.65248 5.3325 5 1 
114 44.658793 10.904980 6.17007 1 7.85673 37.57603 0 6.59389 3.7975 4 4 
115 44.642029 10.962812 1.26791 1 3.04286 21.33838 0 7.54948 3.3550 2 2 
116 44.649407 10.921292 1.61198 2 1.87511 14.73976 0 4.65248 5.3325 5 1 
117 44.656379 10.890524 1.26791 1 3.04286 21.33838 0 7.54948 3.3550 2 2 
118 44.475185 10.991325 6.17007 1 7.85673 37.57603 0 6.59389 3.7975 4 4 
119 44.608459 10.978220 0.71682 4 0.55814 11.9808 0 0.97351 9.3325 3 1 
120 44.524855 10.860216 0.71682 4 0.55814 11.9808 0 0.97351 9.3325 3 1 
121 44.692672 10.967912 2.18337 3 2.86092 12.87719 0 9.76457 7.3525 1 2 
122 44.658118 10.932318 6.17007 1 7.85673 37.57603 0 6.59389 3.7975 4 4 
123 44.679634 10.946879 0.71682 4 0.55814 11.9808 0 0.97351 9.3325 3 1 
124 44.644888 10.922599 2.18337 3 2.86092 12.87719 0 9.76457 7.3525 1 2 
125 44.645348 10.917547 1.26791 1 3.04286 21.33838 0 7.54948 3.3550 2 2 
126 44.662176 10.929089 1.26791 1 3.04286 21.33838 0 7.54948 3.3550 2 2 
127 44.649814 10.918457 2.18337 3 2.86092 12.87719 0 9.76457 7.3525 1 2 
128 44.639744 10.909265 6.17007 1 7.85673 37.57603 0 6.59389 3.7975 4 4 
129 44.587664 10.970517 1.61198 2 1.87511 14.73976 0 4.65248 5.3325 5 1 
130 44.652115 10.899743 1.26791 1 3.04286 21.33838 0 7.54948 3.3550 2 2 
131 44.672678 10.951920 6.17007 1 7.85673 37.57603 0 6.59389 3.7975 4 4 
132 44.620782 11.040734 1.61198 2 1.87511 14.73976 0 4.65248 5.3325 5 1 
133 44.642255 10.945016 0.71682 4 0.55814 11.9808 0 0.97351 9.3325 3 1 
134 44.647343 10.927732 0.71682 4 0.55814 11.9808 0 0.97351 9.3325 3 1 
135 44.629115 10.941370 6.17007 1 7.85673 37.57603 0 6.59389 3.7975 4 4 
136 44.643751 10.942125 0.71682 4 0.55814 11.9808 0 0.97351 9.3325 3 1 
137 44.676031 11.032249 1.61198 2 1.87511 14.73976 0 4.65248 5.3325 5 1 
138 44.689272 10.916227 2.18337 3 2.86092 12.87719 0 9.76457 7.3525 1 2 
139 44.647264 10.943387 1.26791 1 3.04286 21.33838 0 7.54948 3.3550 2 2 
140 44.646018 10.923316 2.18337 3 2.86092 12.87719 0 9.76457 7.3525 1 2 
141 44.645163 10.909004 1.26791 1 3.04286 21.33838 0 7.54948 3.3550 2 2 
142 44.651934 10.928912 6.17007 1 7.85673 37.57603 0 6.59389 3.7975 4 4 
143 44.640358 10.907456 1.61198 2 1.87511 14.73976 0 4.65248 5.3325 5 1 
144 44.649723 10.920020 2.18337 3 2.86092 12.87719 0 9.76457 7.3525 1 2 
145 44.652880 10.934645 1.61198 2 1.87511 14.73976 0 4.65248 5.3325 5 1 
146 44.637494 10.935028 0.71682 4 0.55814 11.9808 0 0.97351 9.3325 3 1 
147 44.635170 10.914836 2.18337 3 2.86092 12.87719 0 9.76457 7.3525 1 2 
148 44.634089 10.916551 2.18337 3 2.86092 12.87719 0 9.76457 7.3525 1 2 
149 44.632542 10.935307 1.61198 2 1.87511 14.73976 0 4.65248 5.3325 5 1 
150 44.633457 10.856224 2.18337 3 2.86092 12.87719 0 9.76457 7.3525 1 2 
151 44.659200 10.933352 0.71682 4 0.55814 11.9808 0 0.97351 9.3325 3 1 
152 44.656419 10.909598 2.18337 3 2.86092 12.87719 0 9.76457 7.3525 1 2 
153 44.687662 10.963423 6.17007 1 7.85673 37.57603 0 6.59389 3.7975 4 4 
154 44.639710 10.948131 1.61198 2 1.87511 14.73976 0 4.65248 5.3325 5 1 
155 44.623780 10.917712 0.71682 4 0.55814 11.9808 0 0.97351 9.3325 3 1 
156 44.645879 10.930202 1.61198 2 1.87511 14.73976 0 4.65248 5.3325 5 1 
157 44.638511 10.873769 0.71682 4 0.55814 11.9808 0 0.97351 9.3325 3 1 
158 44.625556 10.894379 6.17007 1 7.85673 37.57603 0 6.59389 3.7975 4 4 
159 44.695435 10.875618 1.61198 2 1.87511 14.73976 0 4.65248 5.3325 5 1 
160 44.633370 10.946570 1.26791 1 3.04286 21.33838 0 7.54948 3.3550 2 2 
161 44.639702 10.913418 0.71682 4 0.55814 11.9808 0 0.97351 9.3325 3 1 
162 44.594989 11.037887 6.17007 1 7.85673 37.57603 0 6.59389 3.7975 4 4 
163 44.660409 10.962256 1.26791 1 3.04286 21.33838 0 7.54948 3.3550 2 2 
164 44.660123 10.911161 1.61198 2 1.87511 14.73976 0 4.65248 5.3325 5 1 
165 44.626128 10.929277 1.26791 1 3.04286 21.33838 0 7.54948 3.3550 2 2 
166 44.636780 10.930377 1.26791 1 3.04286 21.33838 0 7.54948 3.3550 2 2 
167 44.650372 10.898436 6.17007 1 7.85673 37.57603 0 6.59389 3.7975 4 4 
168 44.632442 10.915098 0.71682 4 0.55814 11.9808 0 0.97351 9.3325 3 1 
169 44.651835 10.933512 0.71682 4 0.55814 11.9808 0 0.97351 9.3325 3 1 
170 44.634077 10.950419 1.26791 1 3.04286 21.33838 0 7.54948 3.3550 2 2 
171 44.622888 10.891130 1.26791 1 3.04286 21.33838 0 7.54948 3.3550 2 2 
172 44.672005 10.939487 2.18337 3 2.86092 12.87719 0 9.76457 7.3525 1 2 
173 44.636236 10.921261 0.71682 4 0.55814 11.9808 0 0.97351 9.3325 3 1 
174 44.509709 10.950041 1.26791 1 3.04286 21.33838 0 7.54948 3.3550 2 2 
175 44.893451 11.065997 6.17007 1 7.85673 37.57603 0 6.59389 3.7975 4 4 
176 44.641216 10.943818 2.18337 3 2.86092 12.87719 0 9.76457 7.3525 1 2 
177 44.641960 10.966249 0.71682 4 0.55814 11.9808 0 0.97351 9.3325 3 1 
178 44.678212 10.952872 6.17007 1 7.85673 37.57603 0 6.59389 3.7975 4 4 
179 44.654197 10.890697 0.71682 4 0.55814 11.9808 0 0.97351 9.3325 3 1 
180 44.650509 10.933601 6.17007 1 7.85673 37.57603 0 6.59389 3.7975 4 4 
181 44.540266 10.793640 1.61198 2 1.87511 14.73976 0 4.65248 5.3325 5 1 
182 44.628309 10.969620 1.61198 2 1.87511 14.73976 0 4.65248 5.3325 5 1 
183 44.881357 10.887794 1.26791 1 3.04286 21.33838 0 7.54948 3.3550 2 2 
184 44.635521 10.902887 2.18337 3 2.86092 12.87719 0 9.76457 7.3525 1 2 
185 44.635164 10.869587 2.18337 3 2.86092 12.87719 0 9.76457 7.3525 1 2 
186 44.647051 10.916171 1.61198 2 1.87511 14.73976 0 4.65248 5.3325 5 1 
187 44.619566 10.934006 0.71682 4 0.55814 11.9808 0 0.97351 9.3325 3 1 
188 44.310038 10.792578 2.18337 3 2.86092 12.87719 0 9.76457 7.3525 1 2 
189 44.709584 10.902220 0.71682 4 0.55814 11.9808 0 0.97351 9.3325 3 1 
190 44.632987 10.933990 1.61198 2 1.87511 14.73976 0 4.65248 5.3325 5 1 
191 44.655428 10.872448 2.18337 3 2.86092 12.87719 0 9.76457 7.3525 1 2 
192 44.659276 10.892642 1.61198 2 1.87511 14.73976 0 4.65248 5.3325 5 1 
193 44.635333 10.946670 0.71682 4 0.55814 11.9808 0 0.97351 9.3325 3 1 
194 44.646341 10.925073 2.18337 3 2.86092 12.87719 0 9.76457 7.3525 1 2 
195 44.623009 10.948569 1.61198 2 1.87511 14.73976 0 4.65248 5.3325 5 1 
196 44.678060 10.893056 6.17007 1 7.85673 37.57603 0 6.59389 3.7975 4 4 
197 44.647191 10.919890 1.26791 1 3.04286 21.33838 0 7.54948 3.3550 2 2 
198 44.675135 10.959429 0.71682 4 0.55814 11.9808 0 0.97351 9.3325 3 1 
199 44.723040 10.900088 1.61198 2 1.87511 14.73976 0 4.65248 5.3325 5 1 
200 44.645191 10.923256 1.26791 1 3.04286 21.33838 0 7.54948 3.3550 2 2 
201 44.645161 10.928992 1.61198 2 1.87511 14.73976 0 4.65248 5.3325 5 1 
202 44.843135 11.146038 1.61198 2 1.87511 14.73976 0 4.65248 5.3325 5 1 
203 44.661620 10.892461 1.61198 2 1.87511 14.73976 0 4.65248 5.3325 5 1 
204 44.639786 10.891890 0.71682 4 0.55814 11.9808 0 0.97351 9.3325 3 1 
205 44.523177 10.859042 1.61198 2 1.87511 14.73976 0 4.65248 5.3325 5 1 
206 44.643031 10.934915 1.61198 2 1.87511 14.73976 0 4.65248 5.3325 5 1 
207 44.661658 10.888580 6.17007 1 7.85673 37.57603 0 6.59389 3.7975 4 4 
208 44.634604 10.954887 1.26791 1 3.04286 21.33838 0 7.54948 3.3550 2 2 
209 44.661748 10.908158 1.26791 1 3.04286 21.33838 0 7.54948 3.3550 2 2 
210 44.636547 10.933714 6.17007 1 7.85673 37.57603 0 6.59389 3.7975 4 4 
211 44.628160 10.892855 1.61198 2 1.87511 14.73976 0 4.65248 5.3325 5 1 
212 44.657913 10.903107 1.26791 1 3.04286 21.33838 0 7.54948 3.3550 2 2 
213 44.643877 10.926382 0.71682 4 0.55814 11.9808 0 0.97351 9.3325 3 1 
214 44.632230 10.947447 0.71682 4 0.55814 11.9808 0 0.97351 9.3325 3 1 
215 44.637662 10.940099 6.17007 1 7.85673 37.57603 0 6.59389 3.7975 4 4 
216 44.639564 10.907711 2.18337 3 2.86092 12.87719 0 9.76457 7.3525 1 2 
217 44.668256 10.930643 0.71682 4 0.55814 11.9808 0 0.97351 9.3325 3 1 
218 44.645819 10.930726 2.18337 3 2.86092 12.87719 0 9.76457 7.3525 1 2 
219 44.646381 10.918656 0.71682 4 0.55814 11.9808 0 0.97351 9.3325 3 1 
220 44.661960 10.889476 0.71682 4 0.55814 11.9808 0 0.97351 9.3325 3 1 
221 44.629817 10.911359 6.17007 1 7.85673 37.57603 0 6.59389 3.7975 4 4 
222 44.634838 10.974548 6.17007 1 7.85673 37.57603 0 6.59389 3.7975 4 4 
223 44.645864 10.922327 2.18337 3 2.86092 12.87719 0 9.76457 7.3525 1 2 
224 44.643803 10.890940 6.17007 1 7.85673 37.57603 0 6.59389 3.7975 4 4 
225 44.664204 10.974826 0.71682 4 0.55814 11.9808 0 0.97351 9.3325 3 1 
226 44.626551 10.943452 2.18337 3 2.86092 12.87719 0 9.76457 7.3525 1 2 
227 44.622090 10.926164 2.18337 3 2.86092 12.87719 0 9.76457 7.3525 1 2 
228 44.634954 10.894250 0.71682 4 0.55814 11.9808 0 0.97351 9.3325 3 1 
229 44.641216 10.943818 1.61198 2 1.87511 14.73976 0 4.65248 5.3325 5 1 
230 44.647839 10.924372 0.71682 4 0.55814 11.9808 0 0.97351 9.3325 3 1 
231 44.645533 10.972414 0.71682 4 0.55814 11.9808 0 0.97351 9.3325 3 1 
232 44.656795 10.914978 1.61198 2 1.87511 14.73976 0 4.65248 5.3325 5 1 
233 44.671481 10.894920 0.71682 4 0.55814 11.9808 0 0.97351 9.3325 3 1 
234 44.662918 10.925206 1.61198 2 1.87511 14.73976 0 4.65248 5.3325 5 1 
235 44.646286 10.850892 1.26791 1 3.04286 21.33838 0 7.54948 3.3550 2 2 
236 44.369246 10.661461 2.18337 3 2.86092 12.87719 0 9.76457 7.3525 1 2 
237 44.642490 10.932997 1.26791 1 3.04286 21.33838 0 7.54948 3.3550 2 2 
238 44.595794 10.929986 1.61198 2 1.87511 14.73976 0 4.65248 5.3325 5 1 
239 44.643318 10.940758 2.18337 3 2.86092 12.87719 0 9.76457 7.3525 1 2 
240 44.641756 10.899191 1.61198 2 1.87511 14.73976 0 4.65248 5.3325 5 1 
241 44.836883 11.299507 1.26791 1 3.04286 21.33838 0 7.54948 3.3550 2 2 
242 44.658186 10.902136 1.26791 1 3.04286 21.33838 0 7.54948 3.3550 2 2 
243 44.642101 10.913961 0.71682 4 0.55814 11.9808 0 0.97351 9.3325 3 1 
244 44.649250 10.925743 1.26791 1 3.04286 21.33838 0 7.54948 3.3550 2 2 
245 44.633559 10.959935 1.26791 1 3.04286 21.33838 0 7.54948 3.3550 2 2 
246 44.638372 10.920484 1.61198 2 1.87511 14.73976 0 4.65248 5.3325 5 1 
247 44.598609 10.959842 6.17007 1 7.85673 37.57603 0 6.59389 3.7975 4 4 
248 44.650799 10.802457 1.61198 2 1.87511 14.73976 0 4.65248 5.3325 5 1 
249 44.637372 10.797124 1.26791 1 3.04286 21.33838 0 7.54948 3.3550 2 2 
250 44.572426 10.941783 2.18337 3 2.86092 12.87719 0 9.76457 7.3525 1 2 
251 44.657234 10.864061 1.26791 1 3.04286 21.33838 0 7.54948 3.3550 2 2 
252 44.632161 10.795203 2.18337 3 2.86092 12.87719 0 9.76457 7.3525 1 2 
253 44.641108 10.804805 0.71682 4 0.55814 11.9808 0 0.97351 9.3325 3 1 
254 44.579704 10.945882 0.71682 4 0.55814 11.9808 0 0.97351 9.3325 3 1 
255 44.640743 10.908169 0.71682 4 0.55814 11.9808 0 0.97351 9.3325 3 1 
256 44.603635 10.863614 1.61198 2 1.87511 14.73976 0 4.65248 5.3325 5 1 
257 44.660671 10.960148 6.17007 1 7.85673 37.57603 0 6.59389 3.7975 4 4 
258 44.653991 10.914715 1.26791 1 3.04286 21.33838 0 7.54948 3.3550 2 2 
259 44.646504 10.840999 1.61198 2 1.87511 14.73976 0 4.65248 5.3325 5 1 
260 44.636657 10.910483 0.71682 4 0.55814 11.9808 0 0.97351 9.3325 3 1 
261 44.665161 10.855601 1.61198 2 1.87511 14.73976 0 4.65248 5.3325 5 1 
262 44.611956 10.890166 0.71682 4 0.55814 11.9808 0 0.97351 9.3325 3 1 
263 44.654678 10.942877 1.61198 2 1.87511 14.73976 0 4.65248 5.3325 5 1 
264 44.645480 10.924387 6.17007 1 7.85673 37.57603 0 6.59389 3.7975 4 4 
265 44.621395 10.917592 2.18337 3 2.86092 12.87719 0 9.76457 7.3525 1 2 
266 44.658013 10.947920 2.18337 3 2.86092 12.87719 0 9.76457 7.3525 1 2 
267 44.642258 10.911866 6.17007 1 7.85673 37.57603 0 6.59389 3.7975 4 4 
268 44.657915 10.914884 1.61198 2 1.87511 14.73976 0 4.65248 5.3325 5 1 
269 44.636898 10.955762 1.61198 2 1.87511 14.73976 0 4.65248 5.3325 5 1 
270 44.627781 10.934815 1.26791 1 3.04286 21.33838 0 7.54948 3.3550 2 2 
271 44.600898 10.981489 0.71682 4 0.55814 11.9808 0 0.97351 9.3325 3 1 
272 44.517551 10.859047 6.17007 1 7.85673 37.57603 0 6.59389 3.7975 4 4 
273 44.651619 10.804524 0.71682 4 0.55814 11.9808 0 0.97351 9.3325 3 1 
274 44.624900 10.898891 1.26791 1 3.04286 21.33838 0 7.54948 3.3550 2 2 
275 44.688732 10.921788 1.26791 1 3.04286 21.33838 0 7.54948 3.3550 2 2 
276 44.626591 10.919601 1.61198 2 1.87511 14.73976 0 4.65248 5.3325 5 1 
277 44.580577 10.939358 0.71682 4 0.55814 11.9808 0 0.97351 9.3325 3 1 
278 44.579737 10.841449 0.71682 4 0.55814 11.9808 0 0.97351 9.3325 3 1 
279 44.662299 10.963512 1.61198 2 1.87511 14.73976 0 4.65248 5.3325 5 1 
280 44.638479 10.957922 1.61198 2 1.87511 14.73976 0 4.65248 5.3325 5 1 
281 44.638193 10.949588 1.26791 1 3.04286 21.33838 0 7.54948 3.3550 2 2 
282 44.659824 10.910984 1.61198 2 1.87511 14.73976 0 4.65248 5.3325 5 1 
283 44.656542 10.947323 1.61198 2 1.87511 14.73976 0 4.65248 5.3325 5 1 
284 44.619807 10.930975 6.17007 1 7.85673 37.57603 0 6.59389 3.7975 4 4 
285 44.654136 10.918169 2.18337 3 2.86092 12.87719 0 9.76457 7.3525 1 2 
286 44.651868 10.919224 1.26791 1 3.04286 21.33838 0 7.54948 3.3550 2 2 
287 44.647459 10.922236 0.71682 4 0.55814 11.9808 0 0.97351 9.3325 3 1 
288 44.626559 10.927149 1.26791 1 3.04286 21.33838 0 7.54948 3.3550 2 2 
289 44.636656 10.874929 2.18337 3 2.86092 12.87719 0 9.76457 7.3525 1 2 
290 44.606329 10.970405 6.17007 1 7.85673 37.57603 0 6.59389 3.7975 4 4 
291 44.614015 10.951830 1.61198 2 1.87511 14.73976 0 4.65248 5.3325 5 1 
292 44.600043 10.971707 1.26791 1 3.04286 21.33838 0 7.54948 3.3550 2 2 
293 44.624878 10.930252 1.26791 1 3.04286 21.33838 0 7.54948 3.3550 2 2 
294 44.656419 10.909598 6.17007 1 7.85673 37.57603 0 6.59389 3.7975 4 4 
295 44.628273 10.918385 1.61198 2 1.87511 14.73976 0 4.65248 5.3325 5 1 
296 44.882211 11.059934 6.17007 1 7.85673 37.57603 0 6.59389 3.7975 4 4 
297 44.683930 10.869963 6.17007 1 7.85673 37.57603 0 6.59389 3.7975 4 4 
298 44.629552 10.902643 6.17007 1 7.85673 37.57603 0 6.59389 3.7975 4 4 
299 44.634261 10.870183 1.61198 2 1.87511 14.73976 0 4.65248 5.3325 5 1 
300 44.616847 10.909007 1.61198 2 1.87511 14.73976 0 4.65248 5.3325 5 1 
301 44.641356 10.929899 1.26791 1 3.04286 21.33838 0 7.54948 3.3550 2 2 
302 44.675603 11.016675 6.17007 1 7.85673 37.57603 0 6.59389 3.7975 4 4 
303 44.679100 11.030249 1.26791 1 3.04286 21.33838 0 7.54948 3.3550 2 2 
304 44.651670 10.894234 0.71682 4 0.55814 11.9808 0 0.97351 9.3325 3 1 
305 44.641509 10.901891 6.17007 1 7.85673 37.57603 0 6.59389 3.7975 4 4 
306 44.638668 10.897724 0.71682 4 0.55814 11.9808 0 0.97351 9.3325 3 1 
307 44.646353 10.922097 6.17007 1 7.85673 37.57603 0 6.59389 3.7975 4 4 
308 44.643713 10.893185 6.17007 1 7.85673 37.57603 0 6.59389 3.7975 4 4 
309 44.640370 10.942235 1.61198 2 1.87511 14.73976 0 4.65248 5.3325 5 1 
310 44.656842 10.944167 6.17007 1 7.85673 37.57603 0 6.59389 3.7975 4 4 
311 44.630360 10.921717 2.18337 3 2.86092 12.87719 0 9.76457 7.3525 1 2 
312 44.656819 10.911915 1.61198 2 1.87511 14.73976 0 4.65248 5.3325 5 1 
313 44.634377 10.894371 0.71682 4 0.55814 11.9808 0 0.97351 9.3325 3 1 
314 44.627169 10.922451 6.17007 1 7.85673 37.57603 0 6.59389 3.7975 4 4 
315 44.839309 11.305532 0.71682 4 0.55814 11.9808 0 0.97351 9.3325 3 1 
316 44.622959 10.928795 0.71682 4 0.55814 11.9808 0 0.97351 9.3325 3 1 
317 44.689256 10.920358 1.26791 1 3.04286 21.33838 0 7.54948 3.3550 2 2 
318 44.626159 10.928194 6.17007 1 7.85673 37.57603 0 6.59389 3.7975 4 4 
319 44.645292 10.941505 0.71682 4 0.55814 11.9808 0 0.97351 9.3325 3 1 
320 44.652905 10.932157 1.26791 1 3.04286 21.33838 0 7.54948 3.3550 2 2 
321 44.664070 10.922878 1.61198 2 1.87511 14.73976 0 4.65248 5.3325 5 1 
322 44.652963 10.941439 2.18337 3 2.86092 12.87719 0 9.76457 7.3525 1 2 
323 44.661399 10.965329 1.26791 1 3.04286 21.33838 0 7.54948 3.3550 2 2 
324 44.653388 10.940172 1.61198 2 1.87511 14.73976 0 4.65248 5.3325 5 1 
325 44.613206 10.846712 1.61198 2 1.87511 14.73976 0 4.65248 5.3325 5 1 
326 44.628203 10.940386 1.61198 2 1.87511 14.73976 0 4.65248 5.3325 5 1 
327 44.622406 10.890925 1.26791 1 3.04286 21.33838 0 7.54948 3.3550 2 2 
328 44.633486 10.917572 6.17007 1 7.85673 37.57603 0 6.59389 3.7975 4 4 
329 44.646389 10.918171 1.61198 2 1.87511 14.73976 0 4.65248 5.3325 5 1 
330 44.657019 10.893371 2.18337 3 2.86092 12.87719 0 9.76457 7.3525 1 2 
331 44.636704 10.936763 0.71682 4 0.55814 11.9808 0 0.97351 9.3325 3 1 
332 44.659895 10.899966 1.26791 1 3.04286 21.33838 0 7.54948 3.3550 2 2 
333 44.640218 10.913038 0.71682 4 0.55814 11.9808 0 0.97351 9.3325 3 1 
334 44.639584 10.954861 1.61198 2 1.87511 14.73976 0 4.65248 5.3325 5 1 
335 44.631654 10.918496 0.71682 4 0.55814 11.9808 0 0.97351 9.3325 3 1 
336 44.658759 10.903604 1.26791 1 3.04286 21.33838 0 7.54948 3.3550 2 2 
337 44.831965 11.292386 1.26791 1 3.04286 21.33838 0 7.54948 3.3550 2 2 
338 44.874220 11.131523 2.18337 3 2.86092 12.87719 0 9.76457 7.3525 1 2 
339 44.600294 10.976759 2.18337 3 2.86092 12.87719 0 9.76457 7.3525 1 2 
340 44.619935 10.923400 1.61198 2 1.87511 14.73976 0 4.65248 5.3325 5 1 
341 44.649567 10.901025 6.17007 1 7.85673 37.57603 0 6.59389 3.7975 4 4 
342 44.650847 10.960200 1.26791 1 3.04286 21.33838 0 7.54948 3.3550 2 2 
343 44.659639 10.875012 1.26791 1 3.04286 21.33838 0 7.54948 3.3550 2 2 
344 44.638905 10.945953 2.18337 3 2.86092 12.87719 0 9.76457 7.3525 1 2 
345 44.657512 10.889531 1.26791 1 3.04286 21.33838 0 7.54948 3.3550 2 2 
346 44.808582 10.837993 6.17007 1 7.85673 37.57603 0 6.59389 3.7975 4 4 
347 44.630057 10.914521 6.17007 1 7.85673 37.57603 0 6.59389 3.7975 4 4 
348 44.651192 10.963191 2.18337 3 2.86092 12.87719 0 9.76457 7.3525 1 2 
349 44.635215 10.970154 2.18337 3 2.86092 12.87719 0 9.76457 7.3525 1 2 
350 44.608845 10.865446 2.18337 3 2.86092 12.87719 0 9.76457 7.3525 1 2 
351 44.560000 11.026496 1.61198 2 1.87511 14.73976 0 4.65248 5.3325 5 1 
352 44.658690 10.932794 1.61198 2 1.87511 14.73976 0 4.65248 5.3325 5 1 
353 44.877803 11.073044 1.26791 1 3.04286 21.33838 0 7.54948 3.3550 2 2 
354 44.654331 10.881274 1.61198 2 1.87511 14.73976 0 4.65248 5.3325 5 1 
355 44.636749 10.932037 6.17007 1 7.85673 37.57603 0 6.59389 3.7975 4 4 
356 44.650747 10.897213 1.26791 1 3.04286 21.33838 0 7.54948 3.3550 2 2 
357 44.655725 10.924865 1.26791 1 3.04286 21.33838 0 7.54948 3.3550 2 2 
358 44.659895 10.899966 6.17007 1 7.85673 37.57603 0 6.59389 3.7975 4 4 
359 44.653254 10.932656 1.26791 1 3.04286 21.33838 0 7.54948 3.3550 2 2 
360 44.670308 11.043170 2.18337 3 2.86092 12.87719 0 9.76457 7.3525 1 2 
361 44.636439 10.950364 6.17007 1 7.85673 37.57603 0 6.59389 3.7975 4 4 
362 44.643300 10.920191 2.18337 3 2.86092 12.87719 0 9.76457 7.3525 1 2 
363 44.691359 10.846343 1.26791 1 3.04286 21.33838 0 7.54948 3.3550 2 2 
364 44.656430 10.935697 2.18337 3 2.86092 12.87719 0 9.76457 7.3525 1 2 
365 44.641647 10.957794 2.18337 3 2.86092 12.87719 0 9.76457 7.3525 1 2 
366 44.594598 10.958338 1.26791 1 3.04286 21.33838 0 7.54948 3.3550 2 2 
367 44.693870 10.965992 2.18337 3 2.86092 12.87719 0 9.76457 7.3525 1 2 
368 44.653310 10.921860 0.71682 4 0.55814 11.9808 0 0.97351 9.3325 3 1 
369 44.626534 10.941492 0.71682 4 0.55814 11.9808 0 0.97351 9.3325 3 1 
370 44.562515 10.846061 0.71682 4 0.55814 11.9808 0 0.97351 9.3325 3 1 
371 44.726204 11.040994 0.71682 4 0.55814 11.9808 0 0.97351 9.3325 3 1 
372 44.645877 10.928974 1.26791 1 3.04286 21.33838 0 7.54948 3.3550 2 2 
373 44.695732 10.985324 6.17007 1 7.85673 37.57603 0 6.59389 3.7975 4 4 
374 44.661768 10.943031 0.71682 4 0.55814 11.9808 0 0.97351 9.3325 3 1 
375 44.649759 10.900387 1.26791 1 3.04286 21.33838 0 7.54948 3.3550 2 2 
376 44.645606 10.841911 2.18337 3 2.86092 12.87719 0 9.76457 7.3525 1 2 
377 44.620544 10.884007 1.61198 2 1.87511 14.73976 0 4.65248 5.3325 5 1 
378 44.849458 11.207727 1.26791 1 3.04286 21.33838 0 7.54948 3.3550 2 2 
379 44.629604 10.975063 1.26791 1 3.04286 21.33838 0 7.54948 3.3550 2 2 
380 44.350279 10.570652 6.17007 1 7.85673 37.57603 0 6.59389 3.7975 4 4 
381 44.654831 10.929634 2.18337 3 2.86092 12.87719 0 9.76457 7.3525 1 2 
382 44.673515 11.012144 1.61198 2 1.87511 14.73976 0 4.65248 5.3325 5 1 
383 44.593203 10.947346 6.17007 1 7.85673 37.57603 0 6.59389 3.7975 4 4 
384 44.646258 10.920909 6.17007 1 7.85673 37.57603 0 6.59389 3.7975 4 4 
385 44.613327 10.938955 1.61198 2 1.87511 14.73976 0 4.65248 5.3325 5 1 
386 44.648069 10.922534 0.71682 4 0.55814 11.9808 0 0.97351 9.3325 3 1 
387 44.643061 10.886084 2.18337 3 2.86092 12.87719 0 9.76457 7.3525 1 2 
388 44.231260 10.653671 0.71682 4 0.55814 11.9808 0 0.97351 9.3325 3 1 
389 44.661757 10.893162 1.26791 1 3.04286 21.33838 0 7.54948 3.3550 2 2 
390 44.650462 10.919184 1.61198 2 1.87511 14.73976 0 4.65248 5.3325 5 1 
391 44.623070 10.913917 2.18337 3 2.86092 12.87719 0 9.76457 7.3525 1 2 
392 44.690262 10.969892 6.17007 1 7.85673 37.57603 0 6.59389 3.7975 4 4 
393 44.620976 10.920928 6.17007 1 7.85673 37.57603 0 6.59389 3.7975 4 4 
394 44.661734 10.894775 0.71682 4 0.55814 11.9808 0 0.97351 9.3325 3 1 
395 44.884469 11.059152 0.71682 4 0.55814 11.9808 0 0.97351 9.3325 3 1 
396 44.634045 10.937597 2.18337 3 2.86092 12.87719 0 9.76457 7.3525 1 2 
397 44.574655 10.851296 0.71682 4 0.55814 11.9808 0 0.97351 9.3325 3 1 
398 44.620512 10.912136 1.26791 1 3.04286 21.33838 0 7.54948 3.3550 2 2 
399 44.649967 10.907460 1.61198 2 1.87511 14.73976 0 4.65248 5.3325 5 1 
400 44.651057 10.936047 0.71682 4 0.55814 11.9808 0 0.97351 9.3325 3 1 
401 44.632033 10.921797 1.61198 2 1.87511 14.73976 0 4.65248 5.3325 5 1 
402 44.637525 10.928231 2.18337 3 2.86092 12.87719 0 9.76457 7.3525 1 2 
403 44.542617 10.943059 0.71682 4 0.55814 11.9808 0 0.97351 9.3325 3 1 
404 44.658389 10.930665 1.61198 2 1.87511 14.73976 0 4.65248 5.3325 5 1 
405 44.639677 10.958649 2.18337 3 2.86092 12.87719 0 9.76457 7.3525 1 2 
406 44.652534 10.931085 6.17007 1 7.85673 37.57603 0 6.59389 3.7975 4 4 
407 44.666557 10.913467 1.26791 1 3.04286 21.33838 0 7.54948 3.3550 2 2 
408 44.857534 11.205391 0.71682 4 0.55814 11.9808 0 0.97351 9.3325 3 1 
409 44.669187 10.901785 1.61198 2 1.87511 14.73976 0 4.65248 5.3325 5 1 
410 44.637011 10.903547 1.26791 1 3.04286 21.33838 0 7.54948 3.3550 2 2 
411 44.500456 11.021603 1.26791 1 3.04286 21.33838 0 7.54948 3.3550 2 2 
412 44.624223 10.973547 1.26791 1 3.04286 21.33838 0 7.54948 3.3550 2 2 
413 44.634406 10.975937 1.61198 2 1.87511 14.73976 0 4.65248 5.3325 5 1 
414 44.653016 10.926072 2.18337 3 2.86092 12.87719 0 9.76457 7.3525 1 2 
415 44.637602 10.909784 1.26791 1 3.04286 21.33838 0 7.54948 3.3550 2 2 
416 44.647885 10.927507 1.61198 2 1.87511 14.73976 0 4.65248 5.3325 5 1 
417 44.657133 10.901686 2.18337 3 2.86092 12.87719 0 9.76457 7.3525 1 2 
418 44.696272 10.917355 1.61198 2 1.87511 14.73976 0 4.65248 5.3325 5 1 
419 44.631904 10.899614 0.71682 4 0.55814 11.9808 0 0.97351 9.3325 3 1 
420 44.621012 10.917444 1.26791 1 3.04286 21.33838 0 7.54948 3.3550 2 2 
421 44.642964 10.898701 2.18337 3 2.86092 12.87719 0 9.76457 7.3525 1 2 
422 44.611158 10.892885 1.26791 1 3.04286 21.33838 0 7.54948 3.3550 2 2 
423 44.644965 10.924770 2.18337 3 2.86092 12.87719 0 9.76457 7.3525 1 2 
424 44.643622 10.924285 2.18337 3 2.86092 12.87719 0 9.76457 7.3525 1 2 
425 44.549662 10.933736 2.18337 3 2.86092 12.87719 0 9.76457 7.3525 1 2 
426 44.604908 10.864639 1.26791 1 3.04286 21.33838 0 7.54948 3.3550 2 2 
427 44.628366 10.833977 1.61198 2 1.87511 14.73976 0 4.65248 5.3325 5 1 
428 44.645527 10.929868 2.18337 3 2.86092 12.87719 0 9.76457 7.3525 1 2 
429 44.675251 11.032612 1.26791 1 3.04286 21.33838 0 7.54948 3.3550 2 2 
430 44.667786 10.937702 1.26791 1 3.04286 21.33838 0 7.54948 3.3550 2 2 
431 44.684926 10.967801 6.17007 1 7.85673 37.57603 0 6.59389 3.7975 4 4 
432 44.704257 10.946627 6.17007 1 7.85673 37.57603 0 6.59389 3.7975 4 4 
433 44.643125 10.923329 2.18337 3 2.86092 12.87719 0 9.76457 7.3525 1 2 
434 44.644201 10.921690 6.17007 1 7.85673 37.57603 0 6.59389 3.7975 4 4 
435 44.634073 10.933342 0.71682 4 0.55814 11.9808 0 0.97351 9.3325 3 1 
436 44.635764 10.971245 1.61198 2 1.87511 14.73976 0 4.65248 5.3325 5 1 
437 44.632720 10.904139 1.26791 1 3.04286 21.33838 0 7.54948 3.3550 2 2 
438 44.667430 10.911528 6.17007 1 7.85673 37.57603 0 6.59389 3.7975 4 4 
439 44.639686 10.959344 6.17007 1 7.85673 37.57603 0 6.59389 3.7975 4 4 
440 44.646389 10.918171 1.26791 1 3.04286 21.33838 0 7.54948 3.3550 2 2 
441 44.642272 10.911903 0.71682 4 0.55814 11.9808 0 0.97351 9.3325 3 1 
442 44.631749 10.916527 1.26791 1 3.04286 21.33838 0 7.54948 3.3550 2 2 
443 44.654557 10.914575 1.26791 1 3.04286 21.33838 0 7.54948 3.3550 2 2 
444 44.650766 10.895095 1.61198 2 1.87511 14.73976 0 4.65248 5.3325 5 1 
445 44.654628 10.929789 1.61198 2 1.87511 14.73976 0 4.65248 5.3325 5 1 
446 44.606553 10.863299 6.17007 1 7.85673 37.57603 0 6.59389 3.7975 4 4 
447 44.651742 10.927013 0.71682 4 0.55814 11.9808 0 0.97351 9.3325 3 1 
448 44.628194 10.942825 1.26791 1 3.04286 21.33838 0 7.54948 3.3550 2 2 
449 44.653356 10.916260 0.71682 4 0.55814 11.9808 0 0.97351 9.3325 3 1 
450 44.640399 10.963117 1.61198 2 1.87511 14.73976 0 4.65248 5.3325 5 1 
451 44.643971 10.931975 1.61198 2 1.87511 14.73976 0 4.65248 5.3325 5 1 
452 44.603614 10.968888 1.61198 2 1.87511 14.73976 0 4.65248 5.3325 5 1 
453 44.641140 10.967674 0.71682 4 0.55814 11.9808 0 0.97351 9.3325 3 1 
454 44.650909 10.902984 1.26791 1 3.04286 21.33838 0 7.54948 3.3550 2 2 
455 44.647224 10.937482 2.18337 3 2.86092 12.87719 0 9.76457 7.3525 1 2 
456 44.629040 10.975422 2.18337 3 2.86092 12.87719 0 9.76457 7.3525 1 2 
457 44.627388 10.947458 1.61198 2 1.87511 14.73976 0 4.65248 5.3325 5 1 
458 44.627402 10.891416 0.71682 4 0.55814 11.9808 0 0.97351 9.3325 3 1 
459 44.628293 10.922684 2.18337 3 2.86092 12.87719 0 9.76457 7.3525 1 2 
460 44.850090 11.065451 1.61198 2 1.87511 14.73976 0 4.65248 5.3325 5 1 
461 44.585973 10.971270 0.71682 4 0.55814 11.9808 0 0.97351 9.3325 3 1 
462 44.662205 10.929626 6.17007 1 7.85673 37.57603 0 6.59389 3.7975 4 4 
463 44.645877 10.928974 6.17007 1 7.85673 37.57603 0 6.59389 3.7975 4 4 
464 44.653078 10.913648 0.71682 4 0.55814 11.9808 0 0.97351 9.3325 3 1 
465 44.591613 10.957505 1.61198 2 1.87511 14.73976 0 4.65248 5.3325 5 1 
466 44.714071 10.898405 1.26791 1 3.04286 21.33838 0 7.54948 3.3550 2 2 
467 44.647058 10.842760 2.18337 3 2.86092 12.87719 0 9.76457 7.3525 1 2 
468 44.615921 10.927205 0.71682 4 0.55814 11.9808 0 0.97351 9.3325 3 1 
469 44.602597 10.971684 1.26791 1 3.04286 21.33838 0 7.54948 3.3550 2 2 
470 44.627301 10.903417 1.61198 2 1.87511 14.73976 0 4.65248 5.3325 5 1 
471 44.641374 10.919607 2.18337 3 2.86092 12.87719 0 9.76457 7.3525 1 2 
472 44.620273 10.890021 1.61198 2 1.87511 14.73976 0 4.65248 5.3325 5 1 
473 44.651426 10.931734 1.61198 2 1.87511 14.73976 0 4.65248 5.3325 5 1 
474 44.649934 10.932892 0.71682 4 0.55814 11.9808 0 0.97351 9.3325 3 1 
475 44.640750 10.819774 2.18337 3 2.86092 12.87719 0 9.76457 7.3525 1 2 
476 44.630928 10.901713 1.61198 2 1.87511 14.73976 0 4.65248 5.3325 5 1 
477 44.659224 10.892006 6.17007 1 7.85673 37.57603 0 6.59389 3.7975 4 4 
478 44.602907 10.970402 0.71682 4 0.55814 11.9808 0 0.97351 9.3325 3 1 
479 44.657704 10.913445 1.61198 2 1.87511 14.73976 0 4.65248 5.3325 5 1 
480 44.885152 11.052974 1.61198 2 1.87511 14.73976 0 4.65248 5.3325 5 1 
481 44.635985 10.956004 1.61198 2 1.87511 14.73976 0 4.65248 5.3325 5 1 
482 44.638667 10.931792 6.17007 1 7.85673 37.57603 0 6.59389 3.7975 4 4 
483 44.595792 10.973233 1.26791 1 3.04286 21.33838 0 7.54948 3.3550 2 2 
484 44.586460 10.971802 0.71682 4 0.55814 11.9808 0 0.97351 9.3325 3 1 
485 44.547036 10.791965 0.71682 4 0.55814 11.9808 0 0.97351 9.3325 3 1 
486 44.599069 10.980159 1.26791 1 3.04286 21.33838 0 7.54948 3.3550 2 2 
487 44.635966 10.934109 1.26791 1 3.04286 21.33838 0 7.54948 3.3550 2 2 
488 44.527046 10.874341 1.26791 1 3.04286 21.33838 0 7.54948 3.3550 2 2 
489 44.537016 10.791756 2.18337 3 2.86092 12.87719 0 9.76457 7.3525 1 2 
490 44.657216 10.932591 1.61198 2 1.87511 14.73976 0 4.65248 5.3325 5 1 
491 44.629612 10.951159 1.61198 2 1.87511 14.73976 0 4.65248 5.3325 5 1 
492 44.657566 10.902329 6.17007 1 7.85673 37.57603 0 6.59389 3.7975 4 4 
493 44.631288 10.903670 1.61198 2 1.87511 14.73976 0 4.65248 5.3325 5 1 
494 44.630385 10.922742 0.71682 4 0.55814 11.9808 0 0.97351 9.3325 3 1 
495 44.576465 10.839595 2.18337 3 2.86092 12.87719 0 9.76457 7.3525 1 2 
496 44.668651 10.933893 2.18337 3 2.86092 12.87719 0 9.76457 7.3525 1 2 
497 44.645988 10.925689 0.71682 4 0.55814 11.9808 0 0.97351 9.3325 3 1 
498 44.688721 10.965529 2.18337 3 2.86092 12.87719 0 9.76457 7.3525 1 2 
499 44.643863 10.925188 0.71682 4 0.55814 11.9808 0 0.97351 9.3325 3 1 
500 44.652394 10.941063 1.61198 2 1.87511 14.73976 0 4.65248 5.3325 5 1 
501 44.645791 10.920157 6.17007 1 7.85673 37.57603 0 6.59389 3.7975 4 4 
502 44.634697 10.906682 6.17007 1 7.85673 37.57603 0 6.59389 3.7975 4 4 
503 44.666354 10.935281 2.18337 3 2.86092 12.87719 0 9.76457 7.3525 1 2 
504 44.640826 10.908093 1.26791 1 3.04286 21.33838 0 7.54948 3.3550 2 2 
505 44.646686 10.932939 1.61198 2 1.87511 14.73976 0 4.65248 5.3325 5 1 
506 44.617017 10.932033 2.18337 3 2.86092 12.87719 0 9.76457 7.3525 1 2 
507 44.639138 10.915636 0.71682 4 0.55814 11.9808 0 0.97351 9.3325 3 1 
508 44.635558 10.907146 6.17007 1 7.85673 37.57603 0 6.59389 3.7975 4 4 
509 44.638472 10.918212 6.17007 1 7.85673 37.57603 0 6.59389 3.7975 4 4 
510 44.607556 10.860359 0.71682 4 0.55814 11.9808 0 0.97351 9.3325 3 1 
511 44.642117 10.964191 1.61198 2 1.87511 14.73976 0 4.65248 5.3325 5 1 
512 44.677450 11.040029 1.61198 2 1.87511 14.73976 0 4.65248 5.3325 5 1 
513 44.632002 10.951581 1.61198 2 1.87511 14.73976 0 4.65248 5.3325 5 1 
514 44.659502 10.901343 2.18337 3 2.86092 12.87719 0 9.76457 7.3525 1 2 
515 44.626907 10.904886 2.18337 3 2.86092 12.87719 0 9.76457 7.3525 1 2 
516 44.628163 10.893693 6.17007 1 7.85673 37.57603 0 6.59389 3.7975 4 4 
517 44.636492 10.962648 1.26791 1 3.04286 21.33838 0 7.54948 3.3550 2 2 
518 44.654604 10.959821 1.61198 2 1.87511 14.73976 0 4.65248 5.3325 5 1 
519 44.613852 10.887416 2.18337 3 2.86092 12.87719 0 9.76457 7.3525 1 2 
520 44.688915 10.919713 2.18337 3 2.86092 12.87719 0 9.76457 7.3525 1 2 
521 44.633327 10.936376 0.71682 4 0.55814 11.9808 0 0.97351 9.3325 3 1 
522 44.638130 10.973288 6.17007 1 7.85673 37.57603 0 6.59389 3.7975 4 4 
523 44.674217 10.952219 1.61198 2 1.87511 14.73976 0 4.65248 5.3325 5 1 
524 44.638736 10.965669 1.61198 2 1.87511 14.73976 0 4.65248 5.3325 5 1 
525 44.550152 10.924810 1.26791 1 3.04286 21.33838 0 7.54948 3.3550 2 2 
526 44.629734 10.970472 6.17007 1 7.85673 37.57603 0 6.59389 3.7975 4 4 
527 44.648266 10.909767 1.26791 1 3.04286 21.33838 0 7.54948 3.3550 2 2 
528 44.640327 10.918668 2.18337 3 2.86092 12.87719 0 9.76457 7.3525 1 2 
529 44.629552 10.902643 0.71682 4 0.55814 11.9808 0 0.97351 9.3325 3 1 
530 44.600149 10.860586 2.18337 3 2.86092 12.87719 0 9.76457 7.3525 1 2 
531 44.682634 10.907414 0.71682 4 0.55814 11.9808 0 0.97351 9.3325 3 1 
532 44.667966 10.937350 1.26791 1 3.04286 21.33838 0 7.54948 3.3550 2 2 
533 44.655234 10.962582 1.26791 1 3.04286 21.33838 0 7.54948 3.3550 2 2 
534 44.640096 10.893330 1.26791 1 3.04286 21.33838 0 7.54948 3.3550 2 2 
535 44.674861 10.930522 2.18337 3 2.86092 12.87719 0 9.76457 7.3525 1 2 
536 44.630848 10.935448 0.71682 4 0.55814 11.9808 0 0.97351 9.3325 3 1 
537 44.618136 10.924923 1.61198 2 1.87511 14.73976 0 4.65248 5.3325 5 1 
538 44.535869 11.016590 6.17007 1 7.85673 37.57603 0 6.59389 3.7975 4 4 
539 44.655157 10.937415 2.18337 3 2.86092 12.87719 0 9.76457 7.3525 1 2 
540 44.621911 10.937752 2.18337 3 2.86092 12.87719 0 9.76457 7.3525 1 2 
541 44.660610 10.899717 6.17007 1 7.85673 37.57603 0 6.59389 3.7975 4 4 
542 44.626765 10.930694 2.18337 3 2.86092 12.87719 0 9.76457 7.3525 1 2 
543 44.631483 10.966768 1.61198 2 1.87511 14.73976 0 4.65248 5.3325 5 1 
544 44.704346 10.900756 1.26791 1 3.04286 21.33838 0 7.54948 3.3550 2 2 
545 44.646765 10.924365 2.18337 3 2.86092 12.87719 0 9.76457 7.3525 1 2 
546 44.653593 10.902316 6.17007 1 7.85673 37.57603 0 6.59389 3.7975 4 4 
547 44.287734 10.673753 0.71682 4 0.55814 11.9808 0 0.97351 9.3325 3 1 
548 44.618683 10.932906 2.18337 3 2.86092 12.87719 0 9.76457 7.3525 1 2 
549 44.684816 10.890356 2.18337 3 2.86092 12.87719 0 9.76457 7.3525 1 2 
550 44.630983 10.937609 0.71682 4 0.55814 11.9808 0 0.97351 9.3325 3 1 
551 44.586021 10.915017 6.17007 1 7.85673 37.57603 0 6.59389 3.7975 4 4 
552 44.640641 10.966316 1.26791 1 3.04286 21.33838 0 7.54948 3.3550 2 2 
553 44.635559 10.948633 6.17007 1 7.85673 37.57603 0 6.59389 3.7975 4 4 
554 44.563985 10.805434 6.17007 1 7.85673 37.57603 0 6.59389 3.7975 4 4 
555 44.652963 10.941439 1.26791 1 3.04286 21.33838 0 7.54948 3.3550 2 2 
556 44.634962 10.908556 1.61198 2 1.87511 14.73976 0 4.65248 5.3325 5 1 
557 44.688915 10.919713 6.17007 1 7.85673 37.57603 0 6.59389 3.7975 4 4 
558 44.655253 10.886457 0.71682 4 0.55814 11.9808 0 0.97351 9.3325 3 1 
559 44.622545 10.929545 6.17007 1 7.85673 37.57603 0 6.59389 3.7975 4 4 
560 44.637842 10.935338 2.18337 3 2.86092 12.87719 0 9.76457 7.3525 1 2 
561 44.627633 10.896664 1.26791 1 3.04286 21.33838 0 7.54948 3.3550 2 2 
562 44.662224 10.888894 1.26791 1 3.04286 21.33838 0 7.54948 3.3550 2 2 
563 44.633814 10.918435 1.61198 2 1.87511 14.73976 0 4.65248 5.3325 5 1 
564 44.616335 10.927542 6.17007 1 7.85673 37.57603 0 6.59389 3.7975 4 4 
565 44.629529 10.963538 1.61198 2 1.87511 14.73976 0 4.65248 5.3325 5 1 
566 44.697617 10.905624 0.71682 4 0.55814 11.9808 0 0.97351 9.3325 3 1 
567 44.670082 10.869722 6.17007 1 7.85673 37.57603 0 6.59389 3.7975 4 4 
568 44.637409 10.949981 1.61198 2 1.87511 14.73976 0 4.65248 5.3325 5 1 
569 44.643647 10.916386 1.61198 2 1.87511 14.73976 0 4.65248 5.3325 5 1 
570 44.618619 10.887601 1.61198 2 1.87511 14.73976 0 4.65248 5.3325 5 1 
571 44.628547 10.911876 1.61198 2 1.87511 14.73976 0 4.65248 5.3325 5 1 
572 44.672752 10.933463 1.61198 2 1.87511 14.73976 0 4.65248 5.3325 5 1 
573 44.656381 10.903127 6.17007 1 7.85673 37.57603 0 6.59389 3.7975 4 4 
574 44.656150 10.969054 6.17007 1 7.85673 37.57603 0 6.59389 3.7975 4 4 
575 44.635731 10.871516 2.18337 3 2.86092 12.87719 0 9.76457 7.3525 1 2 
576 44.633656 10.899052 1.26791 1 3.04286 21.33838 0 7.54948 3.3550 2 2 
577 44.631074 10.951644 0.71682 4 0.55814 11.9808 0 0.97351 9.3325 3 1 
578 44.535858 10.814282 6.17007 1 7.85673 37.57603 0 6.59389 3.7975 4 4 
579 44.656173 10.914561 0.71682 4 0.55814 11.9808 0 0.97351 9.3325 3 1 
580 44.644588 10.887783 2.18337 3 2.86092 12.87719 0 9.76457 7.3525 1 2 
581 44.530956 11.015722 6.17007 1 7.85673 37.57603 0 6.59389 3.7975 4 4 
582 44.892099 10.901418 1.26791 1 3.04286 21.33838 0 7.54948 3.3550 2 2 
583 44.651885 10.958244 6.17007 1 7.85673 37.57603 0 6.59389 3.7975 4 4 
584 44.635382 10.969646 2.18337 3 2.86092 12.87719 0 9.76457 7.3525 1 2 
585 44.671533 10.939246 2.18337 3 2.86092 12.87719 0 9.76457 7.3525 1 2 
586 44.512426 10.946981 0.71682 4 0.55814 11.9808 0 0.97351 9.3325 3 1 
587 44.651327 10.928222 6.17007 1 7.85673 37.57603 0 6.59389 3.7975 4 4 
588 44.659502 10.930154 2.18337 3 2.86092 12.87719 0 9.76457 7.3525 1 2 
589 44.886839 10.897389 1.61198 2 1.87511 14.73976 0 4.65248 5.3325 5 1 
590 44.624830 10.928146 6.17007 1 7.85673 37.57603 0 6.59389 3.7975 4 4 
591 44.629643 10.916028 6.17007 1 7.85673 37.57603 0 6.59389 3.7975 4 4 
592 44.635050 10.931091 1.26791 1 3.04286 21.33838 0 7.54948 3.3550 2 2 
593 44.651177 10.950521 1.26791 1 3.04286 21.33838 0 7.54948 3.3550 2 2 
594 44.654330 10.948790 2.18337 3 2.86092 12.87719 0 9.76457 7.3525 1 2 
595 44.653782 10.945181 2.18337 3 2.86092 12.87719 0 9.76457 7.3525 1 2 
596 44.653872 10.948739 6.17007 1 7.85673 37.57603 0 6.59389 3.7975 4 4 
597 44.653465 10.944126 1.61198 2 1.87511 14.73976 0 4.65248 5.3325 5 1 
598 44.651441 10.943968 0.71682 4 0.55814 11.9808 0 0.97351 9.3325 3 1 
599 44.654201 10.951187 1.61198 2 1.87511 14.73976 0 4.65248 5.3325 5 1 
600 44.652975 10.944591 0.71682 4 0.55814 11.9808 0 0.97351 9.3325 3 1 
601 44.654849 10.949426 1.26791 1 3.04286 21.33838 0 7.54948 3.3550 2 2 
602 44.654398 10.947156 2.18337 3 2.86092 12.87719 0 9.76457 7.3525 1 2 
603 44.640670 10.907158 1.26791 1 3.04286 21.33838 0 7.54948 3.3550 2 2 
604 44.665326 10.913667 6.17007 1 7.85673 37.57603 0 6.59389 3.7975 4 4 
605 44.641348 10.955361 0.71682 4 0.55814 11.9808 0 0.97351 9.3325 3 1 
606 44.640473 10.964498 0.71682 4 0.55814 11.9808 0 0.97351 9.3325 3 1 
607 44.738491 10.921015 6.17007 1 7.85673 37.57603 0 6.59389 3.7975 4 4 
608 44.644663 10.942872 2.18337 3 2.86092 12.87719 0 9.76457 7.3525 1 2 
609 44.647484 10.922107 2.18337 3 2.86092 12.87719 0 9.76457 7.3525 1 2 
610 44.624450 10.904349 2.18337 3 2.86092 12.87719 0 9.76457 7.3525 1 2 
611 44.658350 10.860539 1.26791 1 3.04286 21.33838 0 7.54948 3.3550 2 2 
612 44.664187 10.926576 1.26791 1 3.04286 21.33838 0 7.54948 3.3550 2 2 
613 44.507861 10.945151 1.26791 1 3.04286 21.33838 0 7.54948 3.3550 2 2 
614 44.641659 10.951828 1.26791 1 3.04286 21.33838 0 7.54948 3.3550 2 2 
615 44.629935 10.910739 2.18337 3 2.86092 12.87719 0 9.76457 7.3525 1 2 
616 44.603461 10.870396 0.71682 4 0.55814 11.9808 0 0.97351 9.3325 3 1 
617 44.579629 10.939832 6.17007 1 7.85673 37.57603 0 6.59389 3.7975 4 4 
618 44.524906 10.857139 1.61198 2 1.87511 14.73976 0 4.65248 5.3325 5 1 
619 44.649623 10.798980 1.61198 2 1.87511 14.73976 0 4.65248 5.3325 5 1 
620 44.637760 10.919078 1.26791 1 3.04286 21.33838 0 7.54948 3.3550 2 2 
621 44.883938 11.074567 1.26791 1 3.04286 21.33838 0 7.54948 3.3550 2 2 
622 44.709257 10.915417 1.26791 1 3.04286 21.33838 0 7.54948 3.3550 2 2 
623 44.643939 10.928933 2.18337 3 2.86092 12.87719 0 9.76457 7.3525 1 2 
624 44.615566 10.975004 1.61198 2 1.87511 14.73976 0 4.65248 5.3325 5 1 
625 44.661430 10.936986 1.61198 2 1.87511 14.73976 0 4.65248 5.3325 5 1 
626 44.625435 10.892523 6.17007 1 7.85673 37.57603 0 6.59389 3.7975 4 4 
627 44.638616 10.911739 1.26791 1 3.04286 21.33838 0 7.54948 3.3550 2 2 
628 44.622446 10.921893 2.18337 3 2.86092 12.87719 0 9.76457 7.3525 1 2 
629 44.644793 10.908556 1.61198 2 1.87511 14.73976 0 4.65248 5.3325 5 1 
630 44.625318 10.894154 1.61198 2 1.87511 14.73976 0 4.65248 5.3325 5 1 
631 44.646696 10.927112 0.71682 4 0.55814 11.9808 0 0.97351 9.3325 3 1 
632 44.585493 11.021807 0.71682 4 0.55814 11.9808 0 0.97351 9.3325 3 1 
633 44.625334 10.936794 2.18337 3 2.86092 12.87719 0 9.76457 7.3525 1 2 
634 44.629911 10.915059 2.18337 3 2.86092 12.87719 0 9.76457 7.3525 1 2 
635 44.652105 10.941882 0.71682 4 0.55814 11.9808 0 0.97351 9.3325 3 1 
636 44.641707 10.952831 1.26791 1 3.04286 21.33838 0 7.54948 3.3550 2 2 
637 44.659414 10.936595 1.26791 1 3.04286 21.33838 0 7.54948 3.3550 2 2 
638 44.630996 10.897647 1.26791 1 3.04286 21.33838 0 7.54948 3.3550 2 2 
639 44.690809 10.971557 1.26791 1 3.04286 21.33838 0 7.54948 3.3550 2 2 
640 44.633135 10.924720 1.61198 2 1.87511 14.73976 0 4.65248 5.3325 5 1 
641 44.669708 10.897511 1.61198 2 1.87511 14.73976 0 4.65248 5.3325 5 1 
642 44.751810 11.005553 2.18337 3 2.86092 12.87719 0 9.76457 7.3525 1 2 
643 44.659561 10.943448 2.18337 3 2.86092 12.87719 0 9.76457 7.3525 1 2 
644 44.571586 10.856023 0.71682 4 0.55814 11.9808 0 0.97351 9.3325 3 1 
645 44.674959 11.031031 1.26791 1 3.04286 21.33838 0 7.54948 3.3550 2 2 
646 44.604313 10.970174 1.26791 1 3.04286 21.33838 0 7.54948 3.3550 2 2 
647 44.634734 10.947882 1.26791 1 3.04286 21.33838 0 7.54948 3.3550 2 2 
648 44.644686 10.950389 6.17007 1 7.85673 37.57603 0 6.59389 3.7975 4 4 
649 44.690952 10.840938 1.61198 2 1.87511 14.73976 0 4.65248 5.3325 5 1 
650 44.584341 11.078741 0.71682 4 0.55814 11.9808 0 0.97351 9.3325 3 1 
651 44.630857 10.912677 2.18337 3 2.86092 12.87719 0 9.76457 7.3525 1 2 
652 44.646008 10.928593 0.71682 4 0.55814 11.9808 0 0.97351 9.3325 3 1 
653 44.647663 10.927899 1.61198 2 1.87511 14.73976 0 4.65248 5.3325 5 1 
654 44.686200 10.917084 2.18337 3 2.86092 12.87719 0 9.76457 7.3525 1 2 
655 44.650243 10.919688 1.61198 2 1.87511 14.73976 0 4.65248 5.3325 5 1 
656 44.670069 10.939413 1.26791 1 3.04286 21.33838 0 7.54948 3.3550 2 2 
657 44.626318 10.945224 6.17007 1 7.85673 37.57603 0 6.59389 3.7975 4 4 
658 44.567571 10.833677 0.71682 4 0.55814 11.9808 0 0.97351 9.3325 3 1 
659 44.644731 10.926218 1.61198 2 1.87511 14.73976 0 4.65248 5.3325 5 1 
660 44.625819 10.942849 1.61198 2 1.87511 14.73976 0 4.65248 5.3325 5 1 
661 44.666505 10.912130 2.18337 3 2.86092 12.87719 0 9.76457 7.3525 1 2 
662 44.629155 10.922538 1.26791 1 3.04286 21.33838 0 7.54948 3.3550 2 2 
663 44.629951 10.918383 0.71682 4 0.55814 11.9808 0 0.97351 9.3325 3 1 
664 44.613571 10.933750 2.18337 3 2.86092 12.87719 0 9.76457 7.3525 1 2 
665 44.657409 10.912315 1.26791 1 3.04286 21.33838 0 7.54948 3.3550 2 2 
666 44.657687 10.977480 1.26791 1 3.04286 21.33838 0 7.54948 3.3550 2 2 
667 44.630355 10.941384 1.61198 2 1.87511 14.73976 0 4.65248 5.3325 5 1 
668 44.647480 10.940212 2.18337 3 2.86092 12.87719 0 9.76457 7.3525 1 2 
669 44.652983 10.931346 1.26791 1 3.04286 21.33838 0 7.54948 3.3550 2 2 
670 44.624814 10.937688 0.71682 4 0.55814 11.9808 0 0.97351 9.3325 3 1 
671 44.619327 10.991242 1.61198 2 1.87511 14.73976 0 4.65248 5.3325 5 1 
672 44.610197 10.870414 1.61198 2 1.87511 14.73976 0 4.65248 5.3325 5 1 
673 44.653366 10.926021 2.18337 3 2.86092 12.87719 0 9.76457 7.3525 1 2 
674 44.648444 10.925599 1.26791 1 3.04286 21.33838 0 7.54948 3.3550 2 2 
675 44.575950 10.836631 6.17007 1 7.85673 37.57603 0 6.59389 3.7975 4 4 
676 44.841945 10.959503 1.61198 2 1.87511 14.73976 0 4.65248 5.3325 5 1 
677 44.655970 10.949777 2.18337 3 2.86092 12.87719 0 9.76457 7.3525 1 2 
678 44.625200 10.925519 0.71682 4 0.55814 11.9808 0 0.97351 9.3325 3 1 
679 44.647604 10.943819 6.17007 1 7.85673 37.57603 0 6.59389 3.7975 4 4 
680 44.617622 10.932177 1.61198 2 1.87511 14.73976 0 4.65248 5.3325 5 1 
681 44.637326 10.938163 2.18337 3 2.86092 12.87719 0 9.76457 7.3525 1 2 
682 44.627114 10.948538 1.26791 1 3.04286 21.33838 0 7.54948 3.3550 2 2 
683 44.713931 10.913336 6.17007 1 7.85673 37.57603 0 6.59389 3.7975 4 4 
684 44.641298 10.909027 0.71682 4 0.55814 11.9808 0 0.97351 9.3325 3 1 
685 44.649160 10.923931 1.26791 1 3.04286 21.33838 0 7.54948 3.3550 2 2 
686 44.644287 10.912538 6.17007 1 7.85673 37.57603 0 6.59389 3.7975 4 4 
687 44.647155 10.938929 1.61198 2 1.87511 14.73976 0 4.65248 5.3325 5 1 
688 44.623788 10.933311 1.61198 2 1.87511 14.73976 0 4.65248 5.3325 5 1 
689 44.628905 10.919377 0.71682 4 0.55814 11.9808 0 0.97351 9.3325 3 1 
690 44.845700 11.072764 0.71682 4 0.55814 11.9808 0 0.97351 9.3325 3 1 
691 44.667607 10.946827 2.18337 3 2.86092 12.87719 0 9.76457 7.3525 1 2 
692 44.668482 10.864839 1.61198 2 1.87511 14.73976 0 4.65248 5.3325 5 1 
693 44.689984 10.974721 1.61198 2 1.87511 14.73976 0 4.65248 5.3325 5 1 
694 44.631652 10.919490 2.18337 3 2.86092 12.87719 0 9.76457 7.3525 1 2 
695 44.648011 10.922960 2.18337 3 2.86092 12.87719 0 9.76457 7.3525 1 2 
696 44.641933 10.922145 0.71682 4 0.55814 11.9808 0 0.97351 9.3325 3 1 
697 44.644802 10.921053 1.26791 1 3.04286 21.33838 0 7.54948 3.3550 2 2 
698 44.650803 10.935173 0.71682 4 0.55814 11.9808 0 0.97351 9.3325 3 1 
699 44.600885 10.976948 6.17007 1 7.85673 37.57603 0 6.59389 3.7975 4 4 
700 44.644858 10.933528 6.17007 1 7.85673 37.57603 0 6.59389 3.7975 4 4 
701 44.648093 10.916669 1.26791 1 3.04286 21.33838 0 7.54948 3.3550 2 2 
702 44.595437 10.913058 2.18337 3 2.86092 12.87719 0 9.76457 7.3525 1 2 
703 44.674005 10.899461 6.17007 1 7.85673 37.57603 0 6.59389 3.7975 4 4 
704 44.677046 10.936607 1.61198 2 1.87511 14.73976 0 4.65248 5.3325 5 1 
705 44.654404 10.887294 0.71682 4 0.55814 11.9808 0 0.97351 9.3325 3 1 
706 44.661658 10.888580 1.26791 1 3.04286 21.33838 0 7.54948 3.3550 2 2 
707 44.631915 10.954364 2.18337 3 2.86092 12.87719 0 9.76457 7.3525 1 2 
708 44.635745 10.896464 0.71682 4 0.55814 11.9808 0 0.97351 9.3325 3 1 
709 44.653058 10.916925 2.18337 3 2.86092 12.87719 0 9.76457 7.3525 1 2 
710 44.644947 10.912165 1.26791 1 3.04286 21.33838 0 7.54948 3.3550 2 2 
711 44.636209 10.909265 1.61198 2 1.87511 14.73976 0 4.65248 5.3325 5 1 
712 44.644835 10.896816 1.26791 1 3.04286 21.33838 0 7.54948 3.3550 2 2 
713 44.655561 10.948998 6.17007 1 7.85673 37.57603 0 6.59389 3.7975 4 4 
714 44.664860 10.934134 1.61198 2 1.87511 14.73976 0 4.65248 5.3325 5 1 
715 44.661259 10.893564 6.17007 1 7.85673 37.57603 0 6.59389 3.7975 4 4 
716 44.637922 10.900269 2.18337 3 2.86092 12.87719 0 9.76457 7.3525 1 2 
717 44.628283 10.939207 1.61198 2 1.87511 14.73976 0 4.65248 5.3325 5 1 
718 44.621690 10.943570 0.71682 4 0.55814 11.9808 0 0.97351 9.3325 3 1 
719 44.539518 10.898830 6.17007 1 7.85673 37.57603 0 6.59389 3.7975 4 4 
720 44.668770 10.896675 0.71682 4 0.55814 11.9808 0 0.97351 9.3325 3 1 
721 44.645375 10.817861 1.26791 1 3.04286 21.33838 0 7.54948 3.3550 2 2 
722 44.661951 10.926243 6.17007 1 7.85673 37.57603 0 6.59389 3.7975 4 4 
723 44.629045 10.922147 1.61198 2 1.87511 14.73976 0 4.65248 5.3325 5 1 
724 44.633063 10.944185 2.18337 3 2.86092 12.87719 0 9.76457 7.3525 1 2 
725 44.674281 10.935397 0.71682 4 0.55814 11.9808 0 0.97351 9.3325 3 1 
726 44.636382 10.872374 1.61198 2 1.87511 14.73976 0 4.65248 5.3325 5 1 
727 44.649192 10.858874 0.71682 4 0.55814 11.9808 0 0.97351 9.3325 3 1 
728 44.632036 10.935185 2.18337 3 2.86092 12.87719 0 9.76457 7.3525 1 2 
729 44.649291 10.849618 0.71682 4 0.55814 11.9808 0 0.97351 9.3325 3 1 
730 44.620079 10.942159 6.17007 1 7.85673 37.57603 0 6.59389 3.7975 4 4 
731 44.620861 10.851413 1.26791 1 3.04286 21.33838 0 7.54948 3.3550 2 2 
732 44.650766 10.895095 6.17007 1 7.85673 37.57603 0 6.59389 3.7975 4 4 
733 44.603971 10.971484 6.17007 1 7.85673 37.57603 0 6.59389 3.7975 4 4 
734 44.651590 10.914133 0.71682 4 0.55814 11.9808 0 0.97351 9.3325 3 1 
735 44.647784 10.941944 1.61198 2 1.87511 14.73976 0 4.65248 5.3325 5 1 
736 44.789517 10.861862 2.18337 3 2.86092 12.87719 0 9.76457 7.3525 1 2 
737 44.642754 10.905737 0.71682 4 0.55814 11.9808 0 0.97351 9.3325 3 1 
738 44.618797 10.909824 2.18337 3 2.86092 12.87719 0 9.76457 7.3525 1 2 
739 44.645544 10.911004 1.61198 2 1.87511 14.73976 0 4.65248 5.3325 5 1 
740 44.591132 10.949554 2.18337 3 2.86092 12.87719 0 9.76457 7.3525 1 2 
741 44.916054 10.991907 2.18337 3 2.86092 12.87719 0 9.76457 7.3525 1 2 
742 44.635645 10.923698 2.18337 3 2.86092 12.87719 0 9.76457 7.3525 1 2 
743 44.645082 10.943258 0.71682 4 0.55814 11.9808 0 0.97351 9.3325 3 1 
744 44.614723 10.939249 0.71682 4 0.55814 11.9808 0 0.97351 9.3325 3 1 
745 44.631325 10.916389 1.26791 1 3.04286 21.33838 0 7.54948 3.3550 2 2 
746 44.652225 10.931912 6.17007 1 7.85673 37.57603 0 6.59389 3.7975 4 4 
747 44.630195 10.925437 0.71682 4 0.55814 11.9808 0 0.97351 9.3325 3 1 
748 44.834270 11.140909 1.61198 2 1.87511 14.73976 0 4.65248 5.3325 5 1 
749 44.630251 10.984282 1.26791 1 3.04286 21.33838 0 7.54948 3.3550 2 2 
750 44.639162 10.950306 6.17007 1 7.85673 37.57603 0 6.59389 3.7975 4 4 