850 lat long pcc pcn mem st bw sd cost service task
1 44.633106 10.939678 1.61198 2 1.87511 14.73976 0 4.65248 5.3325 5 1 
2 44.647793 10.930327 6.17007 1 7.85673 37.57603 0 6.59389 3.7975 4 4 
3 44.650514 10.938734 0.71682 4 0.55814 11.9808 0 0.97351 9.3325 3 1 
4 44.654346 10.909586 1.61198 2 1.87511 14.73976 0 4.65248 5.3325 5 1 
5 44.656694 10.898991 6.17007 1 7.85673 37.57603 0 6.59389 3.7975 4 4 
6 44.690933 10.969304 6.17007 1 7.85673 37.57603 0 6.59389 3.7975 4 4 
7 44.645649 10.921296 1.26791 1 3.04286 21.33838 0 7.54948 3.3550 2 2 
8 44.642667 10.928747 1.61198 2 1.87511 14.73976 0 4.65248 5.3325 5 1 
9 44.628245 10.808032 6.17007 1 7.85673 37.57603 0 6.59389 3.7975 4 4 
10 44.602418 10.919662 0.71682 4 0.55814 11.9808 0 0.97351 9.3325 3 1 
11 44.645322 10.916054 6.17007 1 7.85673 37.57603 0 6.59389 3.7975 4 4 
12 44.643426 10.891692 2.18337 3 2.86092 12.87719 0 9.76457 7.3525 1 2 
13 44.849179 11.069823 6.17007 1 7.85673 37.57603 0 6.59389 3.7975 4 4 
14 44.587891 10.946703 6.17007 1 7.85673 37.57603 0 6.59389 3.7975 4 4 
15 44.620737 10.980565 0.71682 4 0.55814 11.9808 0 0.97351 9.3325 3 1 
16 44.644635 10.842004 2.18337 3 2.86092 12.87719 0 9.76457 7.3525 1 2 
17 44.675135 10.900189 2.18337 3 2.86092 12.87719 0 9.76457 7.3525 1 2 
18 44.623639 10.935868 6.17007 1 7.85673 37.57603 0 6.59389 3.7975 4 4 
19 44.627010 10.940864 1.26791 1 3.04286 21.33838 0 7.54948 3.3550 2 2 
20 44.630468 10.935947 6.17007 1 7.85673 37.57603 0 6.59389 3.7975 4 4 
21 44.644637 10.929353 0.71682 4 0.55814 11.9808 0 0.97351 9.3325 3 1 
22 44.589114 10.858776 6.17007 1 7.85673 37.57603 0 6.59389 3.7975 4 4 
23 44.644954 10.925246 1.26791 1 3.04286 21.33838 0 7.54948 3.3550 2 2 
24 44.726452 10.910250 1.26791 1 3.04286 21.33838 0 7.54948 3.3550 2 2 
25 44.689813 10.913941 6.17007 1 7.85673 37.57603 0 6.59389 3.7975 4 4 
26 44.656825 10.875966 0.71682 4 0.55814 11.9808 0 0.97351 9.3325 3 1 
27 44.661508 10.889147 1.61198 2 1.87511 14.73976 0 4.65248 5.3325 5 1 
28 44.657739 10.912519 1.26791 1 3.04286 21.33838 0 7.54948 3.3550 2 2 
29 44.628634 10.939588 6.17007 1 7.85673 37.57603 0 6.59389 3.7975 4 4 
30 44.675540 11.041978 6.17007 1 7.85673 37.57603 0 6.59389 3.7975 4 4 
31 44.661676 10.923367 1.61198 2 1.87511 14.73976 0 4.65248 5.3325 5 1 
32 44.286752 10.672077 2.18337 3 2.86092 12.87719 0 9.76457 7.3525 1 2 
33 44.619638 10.941135 1.61198 2 1.87511 14.73976 0 4.65248 5.3325 5 1 
34 44.287087 10.666050 1.61198 2 1.87511 14.73976 0 4.65248 5.3325 5 1 
35 44.651896 10.917380 1.61198 2 1.87511 14.73976 0 4.65248 5.3325 5 1 
36 44.635734 10.947216 0.71682 4 0.55814 11.9808 0 0.97351 9.3325 3 1 
37 44.571934 10.844666 2.18337 3 2.86092 12.87719 0 9.76457 7.3525 1 2 
38 44.655313 10.964801 1.26791 1 3.04286 21.33838 0 7.54948 3.3550 2 2 
39 44.646774 10.921880 0.71682 4 0.55814 11.9808 0 0.97351 9.3325 3 1 
40 44.600704 10.973442 1.26791 1 3.04286 21.33838 0 7.54948 3.3550 2 2 
41 44.628446 10.914559 1.26791 1 3.04286 21.33838 0 7.54948 3.3550 2 2 
42 44.656930 10.898282 0.71682 4 0.55814 11.9808 0 0.97351 9.3325 3 1 
43 44.662918 10.925206 2.18337 3 2.86092 12.87719 0 9.76457 7.3525 1 2 
44 44.748232 11.002663 2.18337 3 2.86092 12.87719 0 9.76457 7.3525 1 2 
45 44.656308 10.896589 1.61198 2 1.87511 14.73976 0 4.65248 5.3325 5 1 
46 44.629226 10.927507 1.61198 2 1.87511 14.73976 0 4.65248 5.3325 5 1 
47 44.661147 10.927231 2.18337 3 2.86092 12.87719 0 9.76457 7.3525 1 2 
48 44.643386 10.932400 2.18337 3 2.86092 12.87719 0 9.76457 7.3525 1 2 
49 44.666572 10.892736 0.71682 4 0.55814 11.9808 0 0.97351 9.3325 3 1 
50 44.662543 10.890877 1.61198 2 1.87511 14.73976 0 4.65248 5.3325 5 1 
51 44.595485 11.035603 6.17007 1 7.85673 37.57603 0 6.59389 3.7975 4 4 
52 44.659224 10.892006 0.71682 4 0.55814 11.9808 0 0.97351 9.3325 3 1 
53 44.625435 10.896339 6.17007 1 7.85673 37.57603 0 6.59389 3.7975 4 4 
54 44.575189 10.919481 0.71682 4 0.55814 11.9808 0 0.97351 9.3325 3 1 
55 44.635463 10.907084 1.26791 1 3.04286 21.33838 0 7.54948 3.3550 2 2 
56 44.624635 10.940973 6.17007 1 7.85673 37.57603 0 6.59389 3.7975 4 4 
57 44.624822 10.945836 2.18337 3 2.86092 12.87719 0 9.76457 7.3525 1 2 
58 44.638496 10.856699 0.71682 4 0.55814 11.9808 0 0.97351 9.3325 3 1 
59 44.634172 10.924156 1.26791 1 3.04286 21.33838 0 7.54948 3.3550 2 2 
60 44.632706 10.948055 2.18337 3 2.86092 12.87719 0 9.76457 7.3525 1 2 
61 44.639802 10.806131 6.17007 1 7.85673 37.57603 0 6.59389 3.7975 4 4 
62 44.554313 10.797328 1.61198 2 1.87511 14.73976 0 4.65248 5.3325 5 1 
63 44.639347 10.930972 6.17007 1 7.85673 37.57603 0 6.59389 3.7975 4 4 
64 44.632474 10.934182 0.71682 4 0.55814 11.9808 0 0.97351 9.3325 3 1 
65 44.623001 10.924100 6.17007 1 7.85673 37.57603 0 6.59389 3.7975 4 4 
66 44.610405 10.920063 0.71682 4 0.55814 11.9808 0 0.97351 9.3325 3 1 
67 44.628929 10.888966 1.26791 1 3.04286 21.33838 0 7.54948 3.3550 2 2 
68 44.536086 10.820911 2.18337 3 2.86092 12.87719 0 9.76457 7.3525 1 2 
69 44.643508 10.886377 2.18337 3 2.86092 12.87719 0 9.76457 7.3525 1 2 
70 44.642992 10.964084 0.71682 4 0.55814 11.9808 0 0.97351 9.3325 3 1 
71 44.632606 10.952201 6.17007 1 7.85673 37.57603 0 6.59389 3.7975 4 4 
72 44.612079 10.911914 6.17007 1 7.85673 37.57603 0 6.59389 3.7975 4 4 
73 44.626869 10.925723 1.26791 1 3.04286 21.33838 0 7.54948 3.3550 2 2 
74 44.343638 10.729244 0.71682 4 0.55814 11.9808 0 0.97351 9.3325 3 1 
75 44.636847 10.905362 6.17007 1 7.85673 37.57603 0 6.59389 3.7975 4 4 
76 44.651573 10.902624 0.71682 4 0.55814 11.9808 0 0.97351 9.3325 3 1 
77 44.884381 11.060460 2.18337 3 2.86092 12.87719 0 9.76457 7.3525 1 2 
78 44.625980 10.944816 0.71682 4 0.55814 11.9808 0 0.97351 9.3325 3 1 
79 44.655157 10.937415 1.26791 1 3.04286 21.33838 0 7.54948 3.3550 2 2 
80 44.656471 10.939548 0.71682 4 0.55814 11.9808 0 0.97351 9.3325 3 1 
81 44.654059 10.906719 0.71682 4 0.55814 11.9808 0 0.97351 9.3325 3 1 
82 44.633658 10.900076 2.18337 3 2.86092 12.87719 0 9.76457 7.3525 1 2 
83 44.641038 10.891075 1.61198 2 1.87511 14.73976 0 4.65248 5.3325 5 1 
84 44.636720 10.901462 1.26791 1 3.04286 21.33838 0 7.54948 3.3550 2 2 
85 44.601834 10.957643 0.71682 4 0.55814 11.9808 0 0.97351 9.3325 3 1 
86 44.650462 10.919184 1.26791 1 3.04286 21.33838 0 7.54948 3.3550 2 2 
87 44.637160 10.934742 0.71682 4 0.55814 11.9808 0 0.97351 9.3325 3 1 
88 44.578835 10.829993 0.71682 4 0.55814 11.9808 0 0.97351 9.3325 3 1 
89 44.619716 10.928593 1.26791 1 3.04286 21.33838 0 7.54948 3.3550 2 2 
90 44.641515 10.891953 6.17007 1 7.85673 37.57603 0 6.59389 3.7975 4 4 
91 44.632772 10.899272 1.61198 2 1.87511 14.73976 0 4.65248 5.3325 5 1 
92 44.647080 10.923876 6.17007 1 7.85673 37.57603 0 6.59389 3.7975 4 4 
93 44.609558 10.850379 1.61198 2 1.87511 14.73976 0 4.65248 5.3325 5 1 
94 44.696834 10.889165 1.61198 2 1.87511 14.73976 0 4.65248 5.3325 5 1 
95 44.660988 10.921575 0.71682 4 0.55814 11.9808 0 0.97351 9.3325 3 1 
96 44.645148 10.888136 0.71682 4 0.55814 11.9808 0 0.97351 9.3325 3 1 
97 44.538036 10.793516 6.17007 1 7.85673 37.57603 0 6.59389 3.7975 4 4 
98 44.626914 10.907268 1.61198 2 1.87511 14.73976 0 4.65248 5.3325 5 1 
99 44.635266 10.928746 1.61198 2 1.87511 14.73976 0 4.65248 5.3325 5 1 
100 44.639521 10.911066 0.71682 4 0.55814 11.9808 0 0.97351 9.3325 3 1 
101 44.630800 10.902486 1.26791 1 3.04286 21.33838 0 7.54948 3.3550 2 2 
102 44.688568 10.916532 2.18337 3 2.86092 12.87719 0 9.76457 7.3525 1 2 
103 44.580411 10.983637 6.17007 1 7.85673 37.57603 0 6.59389 3.7975 4 4 
104 44.671741 10.866392 1.61198 2 1.87511 14.73976 0 4.65248 5.3325 5 1 
105 44.660419 10.896387 1.26791 1 3.04286 21.33838 0 7.54948 3.3550 2 2 
106 44.641915 10.915624 1.26791 1 3.04286 21.33838 0 7.54948 3.3550 2 2 
107 44.657931 10.878713 6.17007 1 7.85673 37.57603 0 6.59389 3.7975 4 4 
108 44.645113 10.907136 0.71682 4 0.55814 11.9808 0 0.97351 9.3325 3 1 
109 44.683176 10.896164 1.61198 2 1.87511 14.73976 0 4.65248 5.3325 5 1 
110 44.630498 10.947769 6.17007 1 7.85673 37.57603 0 6.59389 3.7975 4 4 
111 44.649044 10.900630 1.26791 1 3.04286 21.33838 0 7.54948 3.3550 2 2 
112 44.666557 10.913467 1.26791 1 3.04286 21.33838 0 7.54948 3.3550 2 2 
113 44.627757 10.918063 1.26791 1 3.04286 21.33838 0 7.54948 3.3550 2 2 
114 44.699421 10.885404 6.17007 1 7.85673 37.57603 0 6.59389 3.7975 4 4 
115 44.602478 10.860014 1.61198 2 1.87511 14.73976 0 4.65248 5.3325 5 1 
116 44.685449 10.966954 0.71682 4 0.55814 11.9808 0 0.97351 9.3325 3 1 
117 44.679437 11.040059 6.17007 1 7.85673 37.57603 0 6.59389 3.7975 4 4 
118 44.641242 10.890510 1.26791 1 3.04286 21.33838 0 7.54948 3.3550 2 2 
119 44.659737 10.895949 1.61198 2 1.87511 14.73976 0 4.65248 5.3325 5 1 
120 44.633829 10.969333 1.26791 1 3.04286 21.33838 0 7.54948 3.3550 2 2 
121 44.649479 10.938563 1.26791 1 3.04286 21.33838 0 7.54948 3.3550 2 2 
122 44.674822 10.934524 1.26791 1 3.04286 21.33838 0 7.54948 3.3550 2 2 
123 44.580008 10.911161 1.61198 2 1.87511 14.73976 0 4.65248 5.3325 5 1 
124 44.649247 10.926936 1.26791 1 3.04286 21.33838 0 7.54948 3.3550 2 2 
125 44.640578 10.914095 2.18337 3 2.86092 12.87719 0 9.76457 7.3525 1 2 
126 44.628713 10.922815 6.17007 1 7.85673 37.57603 0 6.59389 3.7975 4 4 
127 44.657407 10.904793 0.71682 4 0.55814 11.9808 0 0.97351 9.3325 3 1 
128 44.636245 10.926057 1.26791 1 3.04286 21.33838 0 7.54948 3.3550 2 2 
129 44.644122 10.942273 0.71682 4 0.55814 11.9808 0 0.97351 9.3325 3 1 
130 44.636749 10.932037 0.71682 4 0.55814 11.9808 0 0.97351 9.3325 3 1 
131 44.651712 10.875960 1.61198 2 1.87511 14.73976 0 4.65248 5.3325 5 1 
132 44.634459 10.925545 6.17007 1 7.85673 37.57603 0 6.59389 3.7975 4 4 
133 44.662602 10.898617 0.71682 4 0.55814 11.9808 0 0.97351 9.3325 3 1 
134 44.649759 10.900387 6.17007 1 7.85673 37.57603 0 6.59389 3.7975 4 4 
135 44.642029 10.962812 2.18337 3 2.86092 12.87719 0 9.76457 7.3525 1 2 
136 44.632273 10.868276 1.61198 2 1.87511 14.73976 0 4.65248 5.3325 5 1 
137 44.649407 10.921292 6.17007 1 7.85673 37.57603 0 6.59389 3.7975 4 4 
138 44.625274 10.929279 0.71682 4 0.55814 11.9808 0 0.97351 9.3325 3 1 
139 44.656379 10.890524 6.17007 1 7.85673 37.57603 0 6.59389 3.7975 4 4 
140 44.475185 10.991325 0.71682 4 0.55814 11.9808 0 0.97351 9.3325 3 1 
141 44.608459 10.978220 0.71682 4 0.55814 11.9808 0 0.97351 9.3325 3 1 
142 44.524855 10.860216 1.61198 2 1.87511 14.73976 0 4.65248 5.3325 5 1 
143 44.692672 10.967912 2.18337 3 2.86092 12.87719 0 9.76457 7.3525 1 2 
144 44.658118 10.932318 6.17007 1 7.85673 37.57603 0 6.59389 3.7975 4 4 
145 44.679634 10.946879 1.26791 1 3.04286 21.33838 0 7.54948 3.3550 2 2 
146 44.644888 10.922599 1.61198 2 1.87511 14.73976 0 4.65248 5.3325 5 1 
147 44.645348 10.917547 6.17007 1 7.85673 37.57603 0 6.59389 3.7975 4 4 
148 44.633436 10.903916 2.18337 3 2.86092 12.87719 0 9.76457 7.3525 1 2 
149 44.662176 10.929089 1.26791 1 3.04286 21.33838 0 7.54948 3.3550 2 2 
150 44.655713 10.898435 0.71682 4 0.55814 11.9808 0 0.97351 9.3325 3 1 
151 44.649814 10.918457 6.17007 1 7.85673 37.57603 0 6.59389 3.7975 4 4 
152 44.639744 10.909265 1.26791 1 3.04286 21.33838 0 7.54948 3.3550 2 2 
153 44.587664 10.970517 2.18337 3 2.86092 12.87719 0 9.76457 7.3525 1 2 
154 44.625470 10.942371 1.61198 2 1.87511 14.73976 0 4.65248 5.3325 5 1 
155 44.652115 10.899743 0.71682 4 0.55814 11.9808 0 0.97351 9.3325 3 1 
156 44.672678 10.951920 6.17007 1 7.85673 37.57603 0 6.59389 3.7975 4 4 
157 44.633974 10.935704 1.26791 1 3.04286 21.33838 0 7.54948 3.3550 2 2 
158 44.620782 11.040734 6.17007 1 7.85673 37.57603 0 6.59389 3.7975 4 4 
159 44.642255 10.945016 2.18337 3 2.86092 12.87719 0 9.76457 7.3525 1 2 
160 44.647343 10.927732 1.61198 2 1.87511 14.73976 0 4.65248 5.3325 5 1 
161 44.629115 10.941370 1.26791 1 3.04286 21.33838 0 7.54948 3.3550 2 2 
162 44.877277 11.071046 2.18337 3 2.86092 12.87719 0 9.76457 7.3525 1 2 
163 44.659868 10.931842 1.26791 1 3.04286 21.33838 0 7.54948 3.3550 2 2 
164 44.882503 11.066729 1.26791 1 3.04286 21.33838 0 7.54948 3.3550 2 2 
165 44.727825 10.919785 6.17007 1 7.85673 37.57603 0 6.59389 3.7975 4 4 
166 44.660306 10.965302 0.71682 4 0.55814 11.9808 0 0.97351 9.3325 3 1 
167 44.676031 11.032249 6.17007 1 7.85673 37.57603 0 6.59389 3.7975 4 4 
168 44.689272 10.916227 2.18337 3 2.86092 12.87719 0 9.76457 7.3525 1 2 
169 44.629051 10.925539 0.71682 4 0.55814 11.9808 0 0.97351 9.3325 3 1 
170 44.647264 10.943387 1.61198 2 1.87511 14.73976 0 4.65248 5.3325 5 1 
171 44.646018 10.923316 2.18337 3 2.86092 12.87719 0 9.76457 7.3525 1 2 
172 44.612507 10.983511 2.18337 3 2.86092 12.87719 0 9.76457 7.3525 1 2 
173 44.652496 10.931752 1.26791 1 3.04286 21.33838 0 7.54948 3.3550 2 2 
174 44.645163 10.909004 6.17007 1 7.85673 37.57603 0 6.59389 3.7975 4 4 
175 44.651934 10.928912 2.18337 3 2.86092 12.87719 0 9.76457 7.3525 1 2 
176 44.638153 10.913149 1.61198 2 1.87511 14.73976 0 4.65248 5.3325 5 1 
177 44.640358 10.907456 1.61198 2 1.87511 14.73976 0 4.65248 5.3325 5 1 
178 44.649723 10.920020 1.26791 1 3.04286 21.33838 0 7.54948 3.3550 2 2 
179 44.652880 10.934645 6.17007 1 7.85673 37.57603 0 6.59389 3.7975 4 4 
180 44.637494 10.935028 0.71682 4 0.55814 11.9808 0 0.97351 9.3325 3 1 
181 44.635170 10.914836 0.71682 4 0.55814 11.9808 0 0.97351 9.3325 3 1 
182 44.634089 10.916551 6.17007 1 7.85673 37.57603 0 6.59389 3.7975 4 4 
183 44.632542 10.935307 1.61198 2 1.87511 14.73976 0 4.65248 5.3325 5 1 
184 44.633457 10.856224 6.17007 1 7.85673 37.57603 0 6.59389 3.7975 4 4 
185 44.644637 10.934088 1.26791 1 3.04286 21.33838 0 7.54948 3.3550 2 2 
186 44.659200 10.933352 1.61198 2 1.87511 14.73976 0 4.65248 5.3325 5 1 
187 44.656419 10.909598 1.61198 2 1.87511 14.73976 0 4.65248 5.3325 5 1 
188 44.687662 10.963423 2.18337 3 2.86092 12.87719 0 9.76457 7.3525 1 2 
189 44.639710 10.948131 0.71682 4 0.55814 11.9808 0 0.97351 9.3325 3 1 
190 44.623780 10.917712 1.61198 2 1.87511 14.73976 0 4.65248 5.3325 5 1 
191 44.629260 10.942703 0.71682 4 0.55814 11.9808 0 0.97351 9.3325 3 1 
192 44.645879 10.930202 1.61198 2 1.87511 14.73976 0 4.65248 5.3325 5 1 
193 44.622270 10.816410 2.18337 3 2.86092 12.87719 0 9.76457 7.3525 1 2 
194 44.638511 10.873769 1.61198 2 1.87511 14.73976 0 4.65248 5.3325 5 1 
195 44.625556 10.894379 0.71682 4 0.55814 11.9808 0 0.97351 9.3325 3 1 
196 44.836184 11.292578 2.18337 3 2.86092 12.87719 0 9.76457 7.3525 1 2 
197 44.641763 10.939536 6.17007 1 7.85673 37.57603 0 6.59389 3.7975 4 4 
198 44.633370 10.946570 2.18337 3 2.86092 12.87719 0 9.76457 7.3525 1 2 
199 44.639702 10.913418 1.26791 1 3.04286 21.33838 0 7.54948 3.3550 2 2 
200 44.594989 11.037887 1.61198 2 1.87511 14.73976 0 4.65248 5.3325 5 1 
201 44.660409 10.962256 1.61198 2 1.87511 14.73976 0 4.65248 5.3325 5 1 
202 44.659720 10.920255 1.26791 1 3.04286 21.33838 0 7.54948 3.3550 2 2 
203 44.636780 10.930377 6.17007 1 7.85673 37.57603 0 6.59389 3.7975 4 4 
204 44.668198 10.938464 0.71682 4 0.55814 11.9808 0 0.97351 9.3325 3 1 
205 44.645871 10.915881 0.71682 4 0.55814 11.9808 0 0.97351 9.3325 3 1 
206 44.650372 10.898436 6.17007 1 7.85673 37.57603 0 6.59389 3.7975 4 4 
207 44.632442 10.915098 2.18337 3 2.86092 12.87719 0 9.76457 7.3525 1 2 
208 44.651835 10.933512 0.71682 4 0.55814 11.9808 0 0.97351 9.3325 3 1 
209 44.634077 10.950419 6.17007 1 7.85673 37.57603 0 6.59389 3.7975 4 4 
210 44.622888 10.891130 0.71682 4 0.55814 11.9808 0 0.97351 9.3325 3 1 
211 44.672005 10.939487 0.71682 4 0.55814 11.9808 0 0.97351 9.3325 3 1 
212 44.636236 10.921261 6.17007 1 7.85673 37.57603 0 6.59389 3.7975 4 4 
213 44.509709 10.950041 6.17007 1 7.85673 37.57603 0 6.59389 3.7975 4 4 
214 44.893451 11.065997 2.18337 3 2.86092 12.87719 0 9.76457 7.3525 1 2 
215 44.641216 10.943818 1.61198 2 1.87511 14.73976 0 4.65248 5.3325 5 1 
216 44.641960 10.966249 0.71682 4 0.55814 11.9808 0 0.97351 9.3325 3 1 
217 44.678212 10.952872 2.18337 3 2.86092 12.87719 0 9.76457 7.3525 1 2 
218 44.655574 10.900547 1.26791 1 3.04286 21.33838 0 7.54948 3.3550 2 2 
219 44.603873 10.904920 0.71682 4 0.55814 11.9808 0 0.97351 9.3325 3 1 
220 44.654197 10.890697 2.18337 3 2.86092 12.87719 0 9.76457 7.3525 1 2 
221 44.650509 10.933601 1.61198 2 1.87511 14.73976 0 4.65248 5.3325 5 1 
222 44.540266 10.793640 1.61198 2 1.87511 14.73976 0 4.65248 5.3325 5 1 
223 44.628309 10.969620 0.71682 4 0.55814 11.9808 0 0.97351 9.3325 3 1 
224 44.881357 10.887794 0.71682 4 0.55814 11.9808 0 0.97351 9.3325 3 1 
225 44.635521 10.902887 1.26791 1 3.04286 21.33838 0 7.54948 3.3550 2 2 
226 44.635164 10.869587 6.17007 1 7.85673 37.57603 0 6.59389 3.7975 4 4 
227 44.647051 10.916171 2.18337 3 2.86092 12.87719 0 9.76457 7.3525 1 2 
228 44.619566 10.934006 6.17007 1 7.85673 37.57603 0 6.59389 3.7975 4 4 
229 44.310038 10.792578 2.18337 3 2.86092 12.87719 0 9.76457 7.3525 1 2 
230 44.709584 10.902220 0.71682 4 0.55814 11.9808 0 0.97351 9.3325 3 1 
231 44.602274 10.969724 1.26791 1 3.04286 21.33838 0 7.54948 3.3550 2 2 
232 44.632987 10.933990 1.26791 1 3.04286 21.33838 0 7.54948 3.3550 2 2 
233 44.638403 10.876708 2.18337 3 2.86092 12.87719 0 9.76457 7.3525 1 2 
234 44.655428 10.872448 1.26791 1 3.04286 21.33838 0 7.54948 3.3550 2 2 
235 44.646758 10.928595 2.18337 3 2.86092 12.87719 0 9.76457 7.3525 1 2 
236 44.659276 10.892642 2.18337 3 2.86092 12.87719 0 9.76457 7.3525 1 2 
237 44.612217 10.909517 1.26791 1 3.04286 21.33838 0 7.54948 3.3550 2 2 
238 44.635333 10.946670 6.17007 1 7.85673 37.57603 0 6.59389 3.7975 4 4 
239 44.646341 10.925073 1.26791 1 3.04286 21.33838 0 7.54948 3.3550 2 2 
240 44.623009 10.948569 0.71682 4 0.55814 11.9808 0 0.97351 9.3325 3 1 
241 44.678060 10.893056 6.17007 1 7.85673 37.57603 0 6.59389 3.7975 4 4 
242 44.647191 10.919890 1.26791 1 3.04286 21.33838 0 7.54948 3.3550 2 2 
243 44.675135 10.959429 1.61198 2 1.87511 14.73976 0 4.65248 5.3325 5 1 
244 44.723040 10.900088 6.17007 1 7.85673 37.57603 0 6.59389 3.7975 4 4 
245 44.645191 10.923256 0.71682 4 0.55814 11.9808 0 0.97351 9.3325 3 1 
246 44.645161 10.928992 1.26791 1 3.04286 21.33838 0 7.54948 3.3550 2 2 
247 44.843135 11.146038 2.18337 3 2.86092 12.87719 0 9.76457 7.3525 1 2 
248 44.639786 10.891890 2.18337 3 2.86092 12.87719 0 9.76457 7.3525 1 2 
249 44.523177 10.859042 2.18337 3 2.86092 12.87719 0 9.76457 7.3525 1 2 
250 44.643031 10.934915 2.18337 3 2.86092 12.87719 0 9.76457 7.3525 1 2 
251 44.661658 10.888580 0.71682 4 0.55814 11.9808 0 0.97351 9.3325 3 1 
252 44.661748 10.908158 2.18337 3 2.86092 12.87719 0 9.76457 7.3525 1 2 
253 44.636547 10.933714 1.26791 1 3.04286 21.33838 0 7.54948 3.3550 2 2 
254 44.662142 10.929289 0.71682 4 0.55814 11.9808 0 0.97351 9.3325 3 1 
255 44.628160 10.892855 0.71682 4 0.55814 11.9808 0 0.97351 9.3325 3 1 
256 44.657913 10.903107 2.18337 3 2.86092 12.87719 0 9.76457 7.3525 1 2 
257 44.632230 10.947447 2.18337 3 2.86092 12.87719 0 9.76457 7.3525 1 2 
258 44.637345 10.917497 1.26791 1 3.04286 21.33838 0 7.54948 3.3550 2 2 
259 44.637662 10.940099 1.61198 2 1.87511 14.73976 0 4.65248 5.3325 5 1 
260 44.639564 10.907711 6.17007 1 7.85673 37.57603 0 6.59389 3.7975 4 4 
261 44.668256 10.930643 6.17007 1 7.85673 37.57603 0 6.59389 3.7975 4 4 
262 44.645819 10.930726 1.61198 2 1.87511 14.73976 0 4.65248 5.3325 5 1 
263 44.530257 11.019961 1.26791 1 3.04286 21.33838 0 7.54948 3.3550 2 2 
264 44.646381 10.918656 6.17007 1 7.85673 37.57603 0 6.59389 3.7975 4 4 
265 44.661960 10.889476 6.17007 1 7.85673 37.57603 0 6.59389 3.7975 4 4 
266 44.629817 10.911359 1.61198 2 1.87511 14.73976 0 4.65248 5.3325 5 1 
267 44.634838 10.974548 0.71682 4 0.55814 11.9808 0 0.97351 9.3325 3 1 
268 44.621347 10.931603 1.26791 1 3.04286 21.33838 0 7.54948 3.3550 2 2 
269 44.595873 10.974174 2.18337 3 2.86092 12.87719 0 9.76457 7.3525 1 2 
270 44.654282 10.920075 1.61198 2 1.87511 14.73976 0 4.65248 5.3325 5 1 
271 44.643803 10.890940 6.17007 1 7.85673 37.57603 0 6.59389 3.7975 4 4 
272 44.664204 10.974826 2.18337 3 2.86092 12.87719 0 9.76457 7.3525 1 2 
273 44.622090 10.926164 2.18337 3 2.86092 12.87719 0 9.76457 7.3525 1 2 
274 44.634954 10.894250 6.17007 1 7.85673 37.57603 0 6.59389 3.7975 4 4 
275 44.706670 11.104341 0.71682 4 0.55814 11.9808 0 0.97351 9.3325 3 1 
276 44.647839 10.924372 6.17007 1 7.85673 37.57603 0 6.59389 3.7975 4 4 
277 44.645533 10.972414 6.17007 1 7.85673 37.57603 0 6.59389 3.7975 4 4 
278 44.661757 10.893162 2.18337 3 2.86092 12.87719 0 9.76457 7.3525 1 2 
279 44.656795 10.914978 6.17007 1 7.85673 37.57603 0 6.59389 3.7975 4 4 
280 44.671481 10.894920 1.61198 2 1.87511 14.73976 0 4.65248 5.3325 5 1 
281 44.646286 10.850892 0.71682 4 0.55814 11.9808 0 0.97351 9.3325 3 1 
282 44.640937 10.861207 1.26791 1 3.04286 21.33838 0 7.54948 3.3550 2 2 
283 44.369246 10.661461 1.61198 2 1.87511 14.73976 0 4.65248 5.3325 5 1 
284 44.642490 10.932997 1.26791 1 3.04286 21.33838 0 7.54948 3.3550 2 2 
285 44.595794 10.929986 1.26791 1 3.04286 21.33838 0 7.54948 3.3550 2 2 
286 44.639989 10.926191 0.71682 4 0.55814 11.9808 0 0.97351 9.3325 3 1 
287 44.644858 10.933528 1.26791 1 3.04286 21.33838 0 7.54948 3.3550 2 2 
288 44.643318 10.940758 2.18337 3 2.86092 12.87719 0 9.76457 7.3525 1 2 
289 44.641756 10.899191 1.26791 1 3.04286 21.33838 0 7.54948 3.3550 2 2 
290 44.646601 10.855335 1.61198 2 1.87511 14.73976 0 4.65248 5.3325 5 1 
291 44.836883 11.299507 6.17007 1 7.85673 37.57603 0 6.59389 3.7975 4 4 
292 44.658186 10.902136 2.18337 3 2.86092 12.87719 0 9.76457 7.3525 1 2 
293 44.642101 10.913961 1.61198 2 1.87511 14.73976 0 4.65248 5.3325 5 1 
294 44.649250 10.925743 0.71682 4 0.55814 11.9808 0 0.97351 9.3325 3 1 
295 44.633559 10.959935 1.61198 2 1.87511 14.73976 0 4.65248 5.3325 5 1 
296 44.887139 11.065114 2.18337 3 2.86092 12.87719 0 9.76457 7.3525 1 2 
297 44.660254 10.883688 1.26791 1 3.04286 21.33838 0 7.54948 3.3550 2 2 
298 44.598609 10.959842 0.71682 4 0.55814 11.9808 0 0.97351 9.3325 3 1 
299 44.650799 10.802457 0.71682 4 0.55814 11.9808 0 0.97351 9.3325 3 1 
300 44.572426 10.941783 2.18337 3 2.86092 12.87719 0 9.76457 7.3525 1 2 
301 44.657234 10.864061 1.26791 1 3.04286 21.33838 0 7.54948 3.3550 2 2 
302 44.641108 10.804805 2.18337 3 2.86092 12.87719 0 9.76457 7.3525 1 2 
303 44.603635 10.863614 1.26791 1 3.04286 21.33838 0 7.54948 3.3550 2 2 
304 44.660671 10.960148 1.26791 1 3.04286 21.33838 0 7.54948 3.3550 2 2 
305 44.653991 10.914715 6.17007 1 7.85673 37.57603 0 6.59389 3.7975 4 4 
306 44.646504 10.840999 1.26791 1 3.04286 21.33838 0 7.54948 3.3550 2 2 
307 44.665161 10.855601 2.18337 3 2.86092 12.87719 0 9.76457 7.3525 1 2 
308 44.640316 10.972176 0.71682 4 0.55814 11.9808 0 0.97351 9.3325 3 1 
309 44.611956 10.890166 0.71682 4 0.55814 11.9808 0 0.97351 9.3325 3 1 
310 44.654678 10.942877 0.71682 4 0.55814 11.9808 0 0.97351 9.3325 3 1 
311 44.645480 10.924387 1.61198 2 1.87511 14.73976 0 4.65248 5.3325 5 1 
312 44.659551 10.898291 1.61198 2 1.87511 14.73976 0 4.65248 5.3325 5 1 
313 44.621395 10.917592 1.26791 1 3.04286 21.33838 0 7.54948 3.3550 2 2 
314 44.658013 10.947920 0.71682 4 0.55814 11.9808 0 0.97351 9.3325 3 1 
315 44.642258 10.911866 1.26791 1 3.04286 21.33838 0 7.54948 3.3550 2 2 
316 44.635945 10.948656 6.17007 1 7.85673 37.57603 0 6.59389 3.7975 4 4 
317 44.657915 10.914884 1.61198 2 1.87511 14.73976 0 4.65248 5.3325 5 1 
318 44.624450 10.911829 6.17007 1 7.85673 37.57603 0 6.59389 3.7975 4 4 
319 44.636898 10.955762 0.71682 4 0.55814 11.9808 0 0.97351 9.3325 3 1 
320 44.627781 10.934815 1.26791 1 3.04286 21.33838 0 7.54948 3.3550 2 2 
321 44.600898 10.981489 6.17007 1 7.85673 37.57603 0 6.59389 3.7975 4 4 
322 44.517551 10.859047 6.17007 1 7.85673 37.57603 0 6.59389 3.7975 4 4 
323 44.651619 10.804524 2.18337 3 2.86092 12.87719 0 9.76457 7.3525 1 2 
324 44.624900 10.898891 0.71682 4 0.55814 11.9808 0 0.97351 9.3325 3 1 
325 44.688732 10.921788 1.26791 1 3.04286 21.33838 0 7.54948 3.3550 2 2 
326 44.623420 10.916989 2.18337 3 2.86092 12.87719 0 9.76457 7.3525 1 2 
327 44.580577 10.939358 2.18337 3 2.86092 12.87719 0 9.76457 7.3525 1 2 
328 44.579737 10.841449 0.71682 4 0.55814 11.9808 0 0.97351 9.3325 3 1 
329 44.638479 10.957922 6.17007 1 7.85673 37.57603 0 6.59389 3.7975 4 4 
330 44.630928 10.901713 6.17007 1 7.85673 37.57603 0 6.59389 3.7975 4 4 
331 44.659824 10.910984 1.26791 1 3.04286 21.33838 0 7.54948 3.3550 2 2 
332 44.656542 10.947323 1.26791 1 3.04286 21.33838 0 7.54948 3.3550 2 2 
333 44.619807 10.930975 1.61198 2 1.87511 14.73976 0 4.65248 5.3325 5 1 
334 44.654136 10.918169 2.18337 3 2.86092 12.87719 0 9.76457 7.3525 1 2 
335 44.651868 10.919224 6.17007 1 7.85673 37.57603 0 6.59389 3.7975 4 4 
336 44.628088 10.916608 1.26791 1 3.04286 21.33838 0 7.54948 3.3550 2 2 
337 44.647459 10.922236 6.17007 1 7.85673 37.57603 0 6.59389 3.7975 4 4 
338 44.626559 10.927149 6.17007 1 7.85673 37.57603 0 6.59389 3.7975 4 4 
339 44.636656 10.874929 1.26791 1 3.04286 21.33838 0 7.54948 3.3550 2 2 
340 44.747142 10.976170 1.61198 2 1.87511 14.73976 0 4.65248 5.3325 5 1 
341 44.600043 10.971707 2.18337 3 2.86092 12.87719 0 9.76457 7.3525 1 2 
342 44.647162 10.927196 1.61198 2 1.87511 14.73976 0 4.65248 5.3325 5 1 
343 44.624878 10.930252 2.18337 3 2.86092 12.87719 0 9.76457 7.3525 1 2 
344 44.628273 10.918385 6.17007 1 7.85673 37.57603 0 6.59389 3.7975 4 4 
345 44.882211 11.059934 0.71682 4 0.55814 11.9808 0 0.97351 9.3325 3 1 
346 44.683930 10.869963 2.18337 3 2.86092 12.87719 0 9.76457 7.3525 1 2 
347 44.629552 10.902643 1.61198 2 1.87511 14.73976 0 4.65248 5.3325 5 1 
348 44.634261 10.870183 0.71682 4 0.55814 11.9808 0 0.97351 9.3325 3 1 
349 44.616847 10.909007 0.71682 4 0.55814 11.9808 0 0.97351 9.3325 3 1 
350 44.641356 10.929899 1.61198 2 1.87511 14.73976 0 4.65248 5.3325 5 1 
351 44.675603 11.016675 0.71682 4 0.55814 11.9808 0 0.97351 9.3325 3 1 
352 44.641509 10.901891 0.71682 4 0.55814 11.9808 0 0.97351 9.3325 3 1 
353 44.645862 10.943654 6.17007 1 7.85673 37.57603 0 6.59389 3.7975 4 4 
354 44.646353 10.922097 0.71682 4 0.55814 11.9808 0 0.97351 9.3325 3 1 
355 44.647028 10.899999 2.18337 3 2.86092 12.87719 0 9.76457 7.3525 1 2 
356 44.643713 10.893185 1.61198 2 1.87511 14.73976 0 4.65248 5.3325 5 1 
357 44.656842 10.944167 1.61198 2 1.87511 14.73976 0 4.65248 5.3325 5 1 
358 44.630360 10.921717 1.26791 1 3.04286 21.33838 0 7.54948 3.3550 2 2 
359 44.656819 10.911915 1.61198 2 1.87511 14.73976 0 4.65248 5.3325 5 1 
360 44.627169 10.922451 2.18337 3 2.86092 12.87719 0 9.76457 7.3525 1 2 
361 44.839309 11.305532 1.61198 2 1.87511 14.73976 0 4.65248 5.3325 5 1 
362 44.622959 10.928795 0.71682 4 0.55814 11.9808 0 0.97351 9.3325 3 1 
363 44.689256 10.920358 6.17007 1 7.85673 37.57603 0 6.59389 3.7975 4 4 
364 44.626159 10.928194 6.17007 1 7.85673 37.57603 0 6.59389 3.7975 4 4 
365 44.645292 10.941505 6.17007 1 7.85673 37.57603 0 6.59389 3.7975 4 4 
366 44.652905 10.932157 0.71682 4 0.55814 11.9808 0 0.97351 9.3325 3 1 
367 44.664070 10.922878 1.26791 1 3.04286 21.33838 0 7.54948 3.3550 2 2 
368 44.653388 10.940172 0.71682 4 0.55814 11.9808 0 0.97351 9.3325 3 1 
369 44.636715 10.935783 2.18337 3 2.86092 12.87719 0 9.76457 7.3525 1 2 
370 44.628203 10.940386 6.17007 1 7.85673 37.57603 0 6.59389 3.7975 4 4 
371 44.555647 10.793730 2.18337 3 2.86092 12.87719 0 9.76457 7.3525 1 2 
372 44.622621 10.975875 6.17007 1 7.85673 37.57603 0 6.59389 3.7975 4 4 
373 44.633486 10.917572 1.61198 2 1.87511 14.73976 0 4.65248 5.3325 5 1 
374 44.646389 10.918171 1.61198 2 1.87511 14.73976 0 4.65248 5.3325 5 1 
375 44.657019 10.893371 1.61198 2 1.87511 14.73976 0 4.65248 5.3325 5 1 
376 44.636704 10.936763 1.61198 2 1.87511 14.73976 0 4.65248 5.3325 5 1 
377 44.659895 10.899966 6.17007 1 7.85673 37.57603 0 6.59389 3.7975 4 4 
378 44.640218 10.913038 1.61198 2 1.87511 14.73976 0 4.65248 5.3325 5 1 
379 44.639584 10.954861 6.17007 1 7.85673 37.57603 0 6.59389 3.7975 4 4 
380 44.631654 10.918496 0.71682 4 0.55814 11.9808 0 0.97351 9.3325 3 1 
381 44.658759 10.903604 1.26791 1 3.04286 21.33838 0 7.54948 3.3550 2 2 
382 44.656001 10.892861 6.17007 1 7.85673 37.57603 0 6.59389 3.7975 4 4 
383 44.831965 11.292386 0.71682 4 0.55814 11.9808 0 0.97351 9.3325 3 1 
384 44.874220 11.131523 6.17007 1 7.85673 37.57603 0 6.59389 3.7975 4 4 
385 44.600294 10.976759 6.17007 1 7.85673 37.57603 0 6.59389 3.7975 4 4 
386 44.619935 10.923400 2.18337 3 2.86092 12.87719 0 9.76457 7.3525 1 2 
387 44.649567 10.901025 2.18337 3 2.86092 12.87719 0 9.76457 7.3525 1 2 
388 44.650847 10.960200 0.71682 4 0.55814 11.9808 0 0.97351 9.3325 3 1 
389 44.662057 10.942532 0.71682 4 0.55814 11.9808 0 0.97351 9.3325 3 1 
390 44.659639 10.875012 1.61198 2 1.87511 14.73976 0 4.65248 5.3325 5 1 
391 44.638905 10.945953 6.17007 1 7.85673 37.57603 0 6.59389 3.7975 4 4 
392 44.657512 10.889531 1.26791 1 3.04286 21.33838 0 7.54948 3.3550 2 2 
393 44.658364 10.903374 1.61198 2 1.87511 14.73976 0 4.65248 5.3325 5 1 
394 44.808582 10.837993 2.18337 3 2.86092 12.87719 0 9.76457 7.3525 1 2 
395 44.651192 10.963191 0.71682 4 0.55814 11.9808 0 0.97351 9.3325 3 1 
396 44.629683 10.924988 1.61198 2 1.87511 14.73976 0 4.65248 5.3325 5 1 
397 44.635215 10.970154 6.17007 1 7.85673 37.57603 0 6.59389 3.7975 4 4 
398 44.609587 10.864279 6.17007 1 7.85673 37.57603 0 6.59389 3.7975 4 4 
399 44.658690 10.932794 2.18337 3 2.86092 12.87719 0 9.76457 7.3525 1 2 
400 44.637135 10.912478 0.71682 4 0.55814 11.9808 0 0.97351 9.3325 3 1 
401 44.877803 11.073044 6.17007 1 7.85673 37.57603 0 6.59389 3.7975 4 4 
402 44.654331 10.881274 2.18337 3 2.86092 12.87719 0 9.76457 7.3525 1 2 
403 44.636749 10.932037 0.71682 4 0.55814 11.9808 0 0.97351 9.3325 3 1 
404 44.650747 10.897213 6.17007 1 7.85673 37.57603 0 6.59389 3.7975 4 4 
405 44.635689 10.913056 0.71682 4 0.55814 11.9808 0 0.97351 9.3325 3 1 
406 44.655725 10.924865 0.71682 4 0.55814 11.9808 0 0.97351 9.3325 3 1 
407 44.659895 10.899966 0.71682 4 0.55814 11.9808 0 0.97351 9.3325 3 1 
408 44.670308 11.043170 0.71682 4 0.55814 11.9808 0 0.97351 9.3325 3 1 
409 44.636439 10.950364 1.26791 1 3.04286 21.33838 0 7.54948 3.3550 2 2 
410 44.643300 10.920191 0.71682 4 0.55814 11.9808 0 0.97351 9.3325 3 1 
411 44.691359 10.846343 2.18337 3 2.86092 12.87719 0 9.76457 7.3525 1 2 
412 44.627167 10.952076 0.71682 4 0.55814 11.9808 0 0.97351 9.3325 3 1 
413 44.688568 10.916532 0.71682 4 0.55814 11.9808 0 0.97351 9.3325 3 1 
414 44.656430 10.935697 6.17007 1 7.85673 37.57603 0 6.59389 3.7975 4 4 
415 44.641647 10.957794 1.61198 2 1.87511 14.73976 0 4.65248 5.3325 5 1 
416 44.594598 10.958338 2.18337 3 2.86092 12.87719 0 9.76457 7.3525 1 2 
417 44.693870 10.965992 1.26791 1 3.04286 21.33838 0 7.54948 3.3550 2 2 
418 44.634501 10.918805 0.71682 4 0.55814 11.9808 0 0.97351 9.3325 3 1 
419 44.626534 10.941492 1.61198 2 1.87511 14.73976 0 4.65248 5.3325 5 1 
420 44.562515 10.846061 1.61198 2 1.87511 14.73976 0 4.65248 5.3325 5 1 
421 44.726204 11.040994 0.71682 4 0.55814 11.9808 0 0.97351 9.3325 3 1 
422 44.536092 10.785718 1.61198 2 1.87511 14.73976 0 4.65248 5.3325 5 1 
423 44.645877 10.928974 1.61198 2 1.87511 14.73976 0 4.65248 5.3325 5 1 
424 44.632991 10.950615 1.26791 1 3.04286 21.33838 0 7.54948 3.3550 2 2 
425 44.633702 10.918978 1.26791 1 3.04286 21.33838 0 7.54948 3.3550 2 2 
426 44.695732 10.985324 2.18337 3 2.86092 12.87719 0 9.76457 7.3525 1 2 
427 44.649759 10.900387 1.61198 2 1.87511 14.73976 0 4.65248 5.3325 5 1 
428 44.645606 10.841911 1.61198 2 1.87511 14.73976 0 4.65248 5.3325 5 1 
429 44.646676 10.924996 6.17007 1 7.85673 37.57603 0 6.59389 3.7975 4 4 
430 44.645684 10.913780 1.26791 1 3.04286 21.33838 0 7.54948 3.3550 2 2 
431 44.620544 10.884007 1.61198 2 1.87511 14.73976 0 4.65248 5.3325 5 1 
432 44.849458 11.207727 1.61198 2 1.87511 14.73976 0 4.65248 5.3325 5 1 
433 44.629604 10.975063 6.17007 1 7.85673 37.57603 0 6.59389 3.7975 4 4 
434 44.350279 10.570652 1.61198 2 1.87511 14.73976 0 4.65248 5.3325 5 1 
435 44.654831 10.929634 0.71682 4 0.55814 11.9808 0 0.97351 9.3325 3 1 
436 44.673515 11.012144 2.18337 3 2.86092 12.87719 0 9.76457 7.3525 1 2 
437 44.646258 10.920909 1.26791 1 3.04286 21.33838 0 7.54948 3.3550 2 2 
438 44.231260 10.653671 1.61198 2 1.87511 14.73976 0 4.65248 5.3325 5 1 
439 44.530164 10.863294 1.61198 2 1.87511 14.73976 0 4.65248 5.3325 5 1 
440 44.623070 10.913917 0.71682 4 0.55814 11.9808 0 0.97351 9.3325 3 1 
441 44.690262 10.969892 2.18337 3 2.86092 12.87719 0 9.76457 7.3525 1 2 
442 44.620976 10.920928 1.61198 2 1.87511 14.73976 0 4.65248 5.3325 5 1 
443 44.636922 10.972156 6.17007 1 7.85673 37.57603 0 6.59389 3.7975 4 4 
444 44.647465 10.926259 0.71682 4 0.55814 11.9808 0 0.97351 9.3325 3 1 
445 44.661734 10.894775 2.18337 3 2.86092 12.87719 0 9.76457 7.3525 1 2 
446 44.578293 10.842339 1.26791 1 3.04286 21.33838 0 7.54948 3.3550 2 2 
447 44.884469 11.059152 6.17007 1 7.85673 37.57603 0 6.59389 3.7975 4 4 
448 44.641623 10.913198 2.18337 3 2.86092 12.87719 0 9.76457 7.3525 1 2 
449 44.630149 10.923425 6.17007 1 7.85673 37.57603 0 6.59389 3.7975 4 4 
450 44.574655 10.851296 1.61198 2 1.87511 14.73976 0 4.65248 5.3325 5 1 
451 44.620512 10.912136 6.17007 1 7.85673 37.57603 0 6.59389 3.7975 4 4 
452 44.649967 10.907460 2.18337 3 2.86092 12.87719 0 9.76457 7.3525 1 2 
453 44.651057 10.936047 2.18337 3 2.86092 12.87719 0 9.76457 7.3525 1 2 
454 44.632033 10.921797 1.26791 1 3.04286 21.33838 0 7.54948 3.3550 2 2 
455 44.637525 10.928231 2.18337 3 2.86092 12.87719 0 9.76457 7.3525 1 2 
456 44.588975 10.953107 6.17007 1 7.85673 37.57603 0 6.59389 3.7975 4 4 
457 44.542617 10.943059 2.18337 3 2.86092 12.87719 0 9.76457 7.3525 1 2 
458 44.658389 10.930665 0.71682 4 0.55814 11.9808 0 0.97351 9.3325 3 1 
459 44.639677 10.958649 0.71682 4 0.55814 11.9808 0 0.97351 9.3325 3 1 
460 44.652534 10.931085 0.71682 4 0.55814 11.9808 0 0.97351 9.3325 3 1 
461 44.666557 10.913467 0.71682 4 0.55814 11.9808 0 0.97351 9.3325 3 1 
462 44.655052 10.895586 2.18337 3 2.86092 12.87719 0 9.76457 7.3525 1 2 
463 44.857534 11.205391 0.71682 4 0.55814 11.9808 0 0.97351 9.3325 3 1 
464 44.669187 10.901785 0.71682 4 0.55814 11.9808 0 0.97351 9.3325 3 1 
465 44.637011 10.903547 6.17007 1 7.85673 37.57603 0 6.59389 3.7975 4 4 
466 44.638285 10.894099 1.26791 1 3.04286 21.33838 0 7.54948 3.3550 2 2 
467 44.500456 11.021603 1.26791 1 3.04286 21.33838 0 7.54948 3.3550 2 2 
468 44.641964 10.923701 2.18337 3 2.86092 12.87719 0 9.76457 7.3525 1 2 
469 44.624223 10.973547 0.71682 4 0.55814 11.9808 0 0.97351 9.3325 3 1 
470 44.634406 10.975937 0.71682 4 0.55814 11.9808 0 0.97351 9.3325 3 1 
471 44.580871 10.919996 1.26791 1 3.04286 21.33838 0 7.54948 3.3550 2 2 
472 44.636391 10.935298 1.61198 2 1.87511 14.73976 0 4.65248 5.3325 5 1 
473 44.653016 10.926072 2.18337 3 2.86092 12.87719 0 9.76457 7.3525 1 2 
474 44.637602 10.909784 6.17007 1 7.85673 37.57603 0 6.59389 3.7975 4 4 
475 44.647885 10.927507 1.61198 2 1.87511 14.73976 0 4.65248 5.3325 5 1 
476 44.647346 10.929423 2.18337 3 2.86092 12.87719 0 9.76457 7.3525 1 2 
477 44.657133 10.901686 2.18337 3 2.86092 12.87719 0 9.76457 7.3525 1 2 
478 44.696272 10.917355 0.71682 4 0.55814 11.9808 0 0.97351 9.3325 3 1 
479 44.631904 10.899614 1.61198 2 1.87511 14.73976 0 4.65248 5.3325 5 1 
480 44.621012 10.917444 1.26791 1 3.04286 21.33838 0 7.54948 3.3550 2 2 
481 44.642964 10.898701 2.18337 3 2.86092 12.87719 0 9.76457 7.3525 1 2 
482 44.611158 10.892885 2.18337 3 2.86092 12.87719 0 9.76457 7.3525 1 2 
483 44.644965 10.924770 2.18337 3 2.86092 12.87719 0 9.76457 7.3525 1 2 
484 44.549662 10.933736 2.18337 3 2.86092 12.87719 0 9.76457 7.3525 1 2 
485 44.604908 10.864639 0.71682 4 0.55814 11.9808 0 0.97351 9.3325 3 1 
486 44.645527 10.929868 1.61198 2 1.87511 14.73976 0 4.65248 5.3325 5 1 
487 44.667786 10.937702 0.71682 4 0.55814 11.9808 0 0.97351 9.3325 3 1 
488 44.644582 10.916699 0.71682 4 0.55814 11.9808 0 0.97351 9.3325 3 1 
489 44.644519 10.923326 1.26791 1 3.04286 21.33838 0 7.54948 3.3550 2 2 
490 44.643125 10.923329 1.26791 1 3.04286 21.33838 0 7.54948 3.3550 2 2 
491 44.644201 10.921690 1.61198 2 1.87511 14.73976 0 4.65248 5.3325 5 1 
492 44.634073 10.933342 1.26791 1 3.04286 21.33838 0 7.54948 3.3550 2 2 
493 44.653741 10.915598 2.18337 3 2.86092 12.87719 0 9.76457 7.3525 1 2 
494 44.635764 10.971245 1.61198 2 1.87511 14.73976 0 4.65248 5.3325 5 1 
495 44.632720 10.904139 6.17007 1 7.85673 37.57603 0 6.59389 3.7975 4 4 
496 44.621414 10.938813 1.61198 2 1.87511 14.73976 0 4.65248 5.3325 5 1 
497 44.667430 10.911528 6.17007 1 7.85673 37.57603 0 6.59389 3.7975 4 4 
498 44.632796 10.961863 6.17007 1 7.85673 37.57603 0 6.59389 3.7975 4 4 
499 44.639686 10.959344 2.18337 3 2.86092 12.87719 0 9.76457 7.3525 1 2 
500 44.642272 10.911903 1.61198 2 1.87511 14.73976 0 4.65248 5.3325 5 1 
501 44.631749 10.916527 1.26791 1 3.04286 21.33838 0 7.54948 3.3550 2 2 
502 44.617164 10.871696 2.18337 3 2.86092 12.87719 0 9.76457 7.3525 1 2 
503 44.654557 10.914575 0.71682 4 0.55814 11.9808 0 0.97351 9.3325 3 1 
504 44.643971 10.898794 2.18337 3 2.86092 12.87719 0 9.76457 7.3525 1 2 
505 44.899278 11.064949 1.26791 1 3.04286 21.33838 0 7.54948 3.3550 2 2 
506 44.617010 10.924227 6.17007 1 7.85673 37.57603 0 6.59389 3.7975 4 4 
507 44.650766 10.895095 1.26791 1 3.04286 21.33838 0 7.54948 3.3550 2 2 
508 44.643308 10.929525 0.71682 4 0.55814 11.9808 0 0.97351 9.3325 3 1 
509 44.654628 10.929789 1.26791 1 3.04286 21.33838 0 7.54948 3.3550 2 2 
510 44.639516 10.937508 1.26791 1 3.04286 21.33838 0 7.54948 3.3550 2 2 
511 44.606553 10.863299 6.17007 1 7.85673 37.57603 0 6.59389 3.7975 4 4 
512 44.651742 10.927013 6.17007 1 7.85673 37.57603 0 6.59389 3.7975 4 4 
513 44.655270 10.962604 1.61198 2 1.87511 14.73976 0 4.65248 5.3325 5 1 
514 44.653356 10.916260 1.61198 2 1.87511 14.73976 0 4.65248 5.3325 5 1 
515 44.640399 10.963117 2.18337 3 2.86092 12.87719 0 9.76457 7.3525 1 2 
516 44.643971 10.931975 1.26791 1 3.04286 21.33838 0 7.54948 3.3550 2 2 
517 44.603614 10.968888 0.71682 4 0.55814 11.9808 0 0.97351 9.3325 3 1 
518 44.641140 10.967674 1.26791 1 3.04286 21.33838 0 7.54948 3.3550 2 2 
519 44.650909 10.902984 0.71682 4 0.55814 11.9808 0 0.97351 9.3325 3 1 
520 44.647224 10.937482 0.71682 4 0.55814 11.9808 0 0.97351 9.3325 3 1 
521 44.578913 10.938206 1.26791 1 3.04286 21.33838 0 7.54948 3.3550 2 2 
522 44.666988 10.913848 0.71682 4 0.55814 11.9808 0 0.97351 9.3325 3 1 
523 44.629040 10.975422 0.71682 4 0.55814 11.9808 0 0.97351 9.3325 3 1 
524 44.627388 10.947458 2.18337 3 2.86092 12.87719 0 9.76457 7.3525 1 2 
525 44.585900 10.971445 0.71682 4 0.55814 11.9808 0 0.97351 9.3325 3 1 
526 44.627402 10.891416 6.17007 1 7.85673 37.57603 0 6.59389 3.7975 4 4 
527 44.628293 10.922684 2.18337 3 2.86092 12.87719 0 9.76457 7.3525 1 2 
528 44.850090 11.065451 1.61198 2 1.87511 14.73976 0 4.65248 5.3325 5 1 
529 44.585973 10.971270 6.17007 1 7.85673 37.57603 0 6.59389 3.7975 4 4 
530 44.670502 10.934840 0.71682 4 0.55814 11.9808 0 0.97351 9.3325 3 1 
531 44.662205 10.929626 1.61198 2 1.87511 14.73976 0 4.65248 5.3325 5 1 
532 44.645877 10.928974 2.18337 3 2.86092 12.87719 0 9.76457 7.3525 1 2 
533 44.653078 10.913648 0.71682 4 0.55814 11.9808 0 0.97351 9.3325 3 1 
534 44.591613 10.957505 2.18337 3 2.86092 12.87719 0 9.76457 7.3525 1 2 
535 44.714071 10.898405 6.17007 1 7.85673 37.57603 0 6.59389 3.7975 4 4 
536 44.647058 10.842760 6.17007 1 7.85673 37.57603 0 6.59389 3.7975 4 4 
537 44.615921 10.927205 1.61198 2 1.87511 14.73976 0 4.65248 5.3325 5 1 
538 44.636657 10.910483 1.26791 1 3.04286 21.33838 0 7.54948 3.3550 2 2 
539 44.601415 10.977811 6.17007 1 7.85673 37.57603 0 6.59389 3.7975 4 4 
540 44.602597 10.971684 2.18337 3 2.86092 12.87719 0 9.76457 7.3525 1 2 
541 44.641374 10.919607 1.61198 2 1.87511 14.73976 0 4.65248 5.3325 5 1 
542 44.620273 10.890021 1.26791 1 3.04286 21.33838 0 7.54948 3.3550 2 2 
543 44.651426 10.931734 2.18337 3 2.86092 12.87719 0 9.76457 7.3525 1 2 
544 44.649934 10.932892 6.17007 1 7.85673 37.57603 0 6.59389 3.7975 4 4 
545 44.630928 10.901713 1.26791 1 3.04286 21.33838 0 7.54948 3.3550 2 2 
546 44.659224 10.892006 2.18337 3 2.86092 12.87719 0 9.76457 7.3525 1 2 
547 44.602907 10.970402 2.18337 3 2.86092 12.87719 0 9.76457 7.3525 1 2 
548 44.657704 10.913445 6.17007 1 7.85673 37.57603 0 6.59389 3.7975 4 4 
549 44.885152 11.052974 1.61198 2 1.87511 14.73976 0 4.65248 5.3325 5 1 
550 44.635985 10.956004 1.26791 1 3.04286 21.33838 0 7.54948 3.3550 2 2 
551 44.638667 10.931792 0.71682 4 0.55814 11.9808 0 0.97351 9.3325 3 1 
552 44.638321 10.908776 2.18337 3 2.86092 12.87719 0 9.76457 7.3525 1 2 
553 44.730828 10.925050 2.18337 3 2.86092 12.87719 0 9.76457 7.3525 1 2 
554 44.641862 10.832317 1.26791 1 3.04286 21.33838 0 7.54948 3.3550 2 2 
555 44.547036 10.791965 1.26791 1 3.04286 21.33838 0 7.54948 3.3550 2 2 
556 44.599069 10.980159 2.18337 3 2.86092 12.87719 0 9.76457 7.3525 1 2 
557 44.601714 10.971095 1.61198 2 1.87511 14.73976 0 4.65248 5.3325 5 1 
558 44.635966 10.934109 6.17007 1 7.85673 37.57603 0 6.59389 3.7975 4 4 
559 44.543522 10.781224 0.71682 4 0.55814 11.9808 0 0.97351 9.3325 3 1 
560 44.527046 10.874341 2.18337 3 2.86092 12.87719 0 9.76457 7.3525 1 2 
561 44.628281 10.896484 6.17007 1 7.85673 37.57603 0 6.59389 3.7975 4 4 
562 44.630239 10.974414 1.26791 1 3.04286 21.33838 0 7.54948 3.3550 2 2 
563 44.537016 10.791756 0.71682 4 0.55814 11.9808 0 0.97351 9.3325 3 1 
564 44.657216 10.932591 1.26791 1 3.04286 21.33838 0 7.54948 3.3550 2 2 
565 44.629612 10.951159 0.71682 4 0.55814 11.9808 0 0.97351 9.3325 3 1 
566 44.657566 10.902329 6.17007 1 7.85673 37.57603 0 6.59389 3.7975 4 4 
567 44.631288 10.903670 1.61198 2 1.87511 14.73976 0 4.65248 5.3325 5 1 
568 44.627062 10.918328 2.18337 3 2.86092 12.87719 0 9.76457 7.3525 1 2 
569 44.645988 10.925689 2.18337 3 2.86092 12.87719 0 9.76457 7.3525 1 2 
570 44.609512 10.989024 1.26791 1 3.04286 21.33838 0 7.54948 3.3550 2 2 
571 44.688721 10.965529 0.71682 4 0.55814 11.9808 0 0.97351 9.3325 3 1 
572 44.643863 10.925188 2.18337 3 2.86092 12.87719 0 9.76457 7.3525 1 2 
573 44.652394 10.941063 1.26791 1 3.04286 21.33838 0 7.54948 3.3550 2 2 
574 44.645791 10.920157 1.61198 2 1.87511 14.73976 0 4.65248 5.3325 5 1 
575 44.634697 10.906682 1.26791 1 3.04286 21.33838 0 7.54948 3.3550 2 2 
576 44.666354 10.935281 2.18337 3 2.86092 12.87719 0 9.76457 7.3525 1 2 
577 44.640826 10.908093 1.61198 2 1.87511 14.73976 0 4.65248 5.3325 5 1 
578 44.617017 10.932033 2.18337 3 2.86092 12.87719 0 9.76457 7.3525 1 2 
579 44.638480 10.899030 0.71682 4 0.55814 11.9808 0 0.97351 9.3325 3 1 
580 44.646026 10.846565 2.18337 3 2.86092 12.87719 0 9.76457 7.3525 1 2 
581 44.639138 10.915636 2.18337 3 2.86092 12.87719 0 9.76457 7.3525 1 2 
582 44.635558 10.907146 6.17007 1 7.85673 37.57603 0 6.59389 3.7975 4 4 
583 44.638472 10.918212 1.26791 1 3.04286 21.33838 0 7.54948 3.3550 2 2 
584 44.607556 10.860359 0.71682 4 0.55814 11.9808 0 0.97351 9.3325 3 1 
585 44.642117 10.964191 6.17007 1 7.85673 37.57603 0 6.59389 3.7975 4 4 
586 44.677450 11.040029 1.61198 2 1.87511 14.73976 0 4.65248 5.3325 5 1 
587 44.632002 10.951581 0.71682 4 0.55814 11.9808 0 0.97351 9.3325 3 1 
588 44.659502 10.901343 1.61198 2 1.87511 14.73976 0 4.65248 5.3325 5 1 
589 44.628163 10.893693 6.17007 1 7.85673 37.57603 0 6.59389 3.7975 4 4 
590 44.643637 10.929737 6.17007 1 7.85673 37.57603 0 6.59389 3.7975 4 4 
591 44.636492 10.962648 1.26791 1 3.04286 21.33838 0 7.54948 3.3550 2 2 
592 44.654604 10.959821 1.61198 2 1.87511 14.73976 0 4.65248 5.3325 5 1 
593 44.613852 10.887416 1.26791 1 3.04286 21.33838 0 7.54948 3.3550 2 2 
594 44.633327 10.936376 1.26791 1 3.04286 21.33838 0 7.54948 3.3550 2 2 
595 44.638130 10.973288 1.26791 1 3.04286 21.33838 0 7.54948 3.3550 2 2 
596 44.674217 10.952219 1.61198 2 1.87511 14.73976 0 4.65248 5.3325 5 1 
597 44.550152 10.924810 1.61198 2 1.87511 14.73976 0 4.65248 5.3325 5 1 
598 44.629734 10.970472 2.18337 3 2.86092 12.87719 0 9.76457 7.3525 1 2 
599 44.645031 10.901825 2.18337 3 2.86092 12.87719 0 9.76457 7.3525 1 2 
600 44.648266 10.909767 6.17007 1 7.85673 37.57603 0 6.59389 3.7975 4 4 
601 44.625685 10.944142 1.26791 1 3.04286 21.33838 0 7.54948 3.3550 2 2 
602 44.640327 10.918668 1.26791 1 3.04286 21.33838 0 7.54948 3.3550 2 2 
603 44.629552 10.902643 6.17007 1 7.85673 37.57603 0 6.59389 3.7975 4 4 
604 44.600149 10.860586 6.17007 1 7.85673 37.57603 0 6.59389 3.7975 4 4 
605 44.682634 10.907414 0.71682 4 0.55814 11.9808 0 0.97351 9.3325 3 1 
606 44.667966 10.937350 2.18337 3 2.86092 12.87719 0 9.76457 7.3525 1 2 
607 44.655234 10.962582 0.71682 4 0.55814 11.9808 0 0.97351 9.3325 3 1 
608 44.640096 10.893330 1.61198 2 1.87511 14.73976 0 4.65248 5.3325 5 1 
609 44.674861 10.930522 0.71682 4 0.55814 11.9808 0 0.97351 9.3325 3 1 
610 44.630848 10.935448 1.61198 2 1.87511 14.73976 0 4.65248 5.3325 5 1 
611 44.618136 10.924923 6.17007 1 7.85673 37.57603 0 6.59389 3.7975 4 4 
612 44.535869 11.016590 6.17007 1 7.85673 37.57603 0 6.59389 3.7975 4 4 
613 44.645950 10.911430 2.18337 3 2.86092 12.87719 0 9.76457 7.3525 1 2 
614 44.640469 10.917892 1.26791 1 3.04286 21.33838 0 7.54948 3.3550 2 2 
615 44.655157 10.937415 0.71682 4 0.55814 11.9808 0 0.97351 9.3325 3 1 
616 44.646366 10.925770 1.26791 1 3.04286 21.33838 0 7.54948 3.3550 2 2 
617 44.621911 10.937752 2.18337 3 2.86092 12.87719 0 9.76457 7.3525 1 2 
618 44.631483 10.966768 0.71682 4 0.55814 11.9808 0 0.97351 9.3325 3 1 
619 44.646765 10.924365 2.18337 3 2.86092 12.87719 0 9.76457 7.3525 1 2 
620 44.525286 10.893328 2.18337 3 2.86092 12.87719 0 9.76457 7.3525 1 2 
621 44.653593 10.902316 1.61198 2 1.87511 14.73976 0 4.65248 5.3325 5 1 
622 44.287734 10.673753 2.18337 3 2.86092 12.87719 0 9.76457 7.3525 1 2 
623 44.618683 10.932906 6.17007 1 7.85673 37.57603 0 6.59389 3.7975 4 4 
624 44.684816 10.890356 1.26791 1 3.04286 21.33838 0 7.54948 3.3550 2 2 
625 44.630983 10.937609 1.61198 2 1.87511 14.73976 0 4.65248 5.3325 5 1 
626 44.586021 10.915017 2.18337 3 2.86092 12.87719 0 9.76457 7.3525 1 2 
627 44.640641 10.966316 1.61198 2 1.87511 14.73976 0 4.65248 5.3325 5 1 
628 44.635559 10.948633 6.17007 1 7.85673 37.57603 0 6.59389 3.7975 4 4 
629 44.563985 10.805434 6.17007 1 7.85673 37.57603 0 6.59389 3.7975 4 4 
630 44.629322 10.918539 1.26791 1 3.04286 21.33838 0 7.54948 3.3550 2 2 
631 44.636347 10.895024 6.17007 1 7.85673 37.57603 0 6.59389 3.7975 4 4 
632 44.652963 10.941439 2.18337 3 2.86092 12.87719 0 9.76457 7.3525 1 2 
633 44.634962 10.908556 6.17007 1 7.85673 37.57603 0 6.59389 3.7975 4 4 
634 44.688915 10.919713 0.71682 4 0.55814 11.9808 0 0.97351 9.3325 3 1 
635 44.604387 10.968903 2.18337 3 2.86092 12.87719 0 9.76457 7.3525 1 2 
636 44.655253 10.886457 1.26791 1 3.04286 21.33838 0 7.54948 3.3550 2 2 
637 44.654995 10.877398 0.71682 4 0.55814 11.9808 0 0.97351 9.3325 3 1 
638 44.645781 10.923031 1.61198 2 1.87511 14.73976 0 4.65248 5.3325 5 1 
639 44.800015 10.992203 1.26791 1 3.04286 21.33838 0 7.54948 3.3550 2 2 
640 44.622545 10.929545 1.61198 2 1.87511 14.73976 0 4.65248 5.3325 5 1 
641 44.637842 10.935338 1.61198 2 1.87511 14.73976 0 4.65248 5.3325 5 1 
642 44.627633 10.896664 2.18337 3 2.86092 12.87719 0 9.76457 7.3525 1 2 
643 44.628446 10.914559 0.71682 4 0.55814 11.9808 0 0.97351 9.3325 3 1 
644 44.637133 10.913905 6.17007 1 7.85673 37.57603 0 6.59389 3.7975 4 4 
645 44.662224 10.888894 1.26791 1 3.04286 21.33838 0 7.54948 3.3550 2 2 
646 44.633814 10.918435 6.17007 1 7.85673 37.57603 0 6.59389 3.7975 4 4 
647 44.647742 10.927925 6.17007 1 7.85673 37.57603 0 6.59389 3.7975 4 4 
648 44.616335 10.927542 2.18337 3 2.86092 12.87719 0 9.76457 7.3525 1 2 
649 44.629529 10.963538 2.18337 3 2.86092 12.87719 0 9.76457 7.3525 1 2 
650 44.622417 10.916021 0.71682 4 0.55814 11.9808 0 0.97351 9.3325 3 1 
651 44.697617 10.905624 6.17007 1 7.85673 37.57603 0 6.59389 3.7975 4 4 
652 44.670082 10.869722 6.17007 1 7.85673 37.57603 0 6.59389 3.7975 4 4 
653 44.657087 10.961335 6.17007 1 7.85673 37.57603 0 6.59389 3.7975 4 4 
654 44.643647 10.916386 2.18337 3 2.86092 12.87719 0 9.76457 7.3525 1 2 
655 44.618619 10.887601 1.26791 1 3.04286 21.33838 0 7.54948 3.3550 2 2 
656 44.628547 10.911876 2.18337 3 2.86092 12.87719 0 9.76457 7.3525 1 2 
657 44.672752 10.933463 0.71682 4 0.55814 11.9808 0 0.97351 9.3325 3 1 
658 44.656381 10.903127 6.17007 1 7.85673 37.57603 0 6.59389 3.7975 4 4 
659 44.656150 10.969054 6.17007 1 7.85673 37.57603 0 6.59389 3.7975 4 4 
660 44.633656 10.899052 1.61198 2 1.87511 14.73976 0 4.65248 5.3325 5 1 
661 44.634192 10.925248 1.26791 1 3.04286 21.33838 0 7.54948 3.3550 2 2 
662 44.842036 11.057235 1.26791 1 3.04286 21.33838 0 7.54948 3.3550 2 2 
663 44.637533 10.913619 6.17007 1 7.85673 37.57603 0 6.59389 3.7975 4 4 
664 44.631074 10.951644 2.18337 3 2.86092 12.87719 0 9.76457 7.3525 1 2 
665 44.646067 10.852251 1.61198 2 1.87511 14.73976 0 4.65248 5.3325 5 1 
666 44.638342 10.917931 1.26791 1 3.04286 21.33838 0 7.54948 3.3550 2 2 
667 44.656173 10.914561 1.61198 2 1.87511 14.73976 0 4.65248 5.3325 5 1 
668 44.652093 10.934599 1.61198 2 1.87511 14.73976 0 4.65248 5.3325 5 1 
669 44.530956 11.015722 1.26791 1 3.04286 21.33838 0 7.54948 3.3550 2 2 
670 44.892099 10.901418 0.71682 4 0.55814 11.9808 0 0.97351 9.3325 3 1 
671 44.536802 10.813365 6.17007 1 7.85673 37.57603 0 6.59389 3.7975 4 4 
672 44.631068 10.898911 0.71682 4 0.55814 11.9808 0 0.97351 9.3325 3 1 
673 44.671533 10.939246 1.61198 2 1.87511 14.73976 0 4.65248 5.3325 5 1 
674 44.512426 10.946981 6.17007 1 7.85673 37.57603 0 6.59389 3.7975 4 4 
675 44.651327 10.928222 0.71682 4 0.55814 11.9808 0 0.97351 9.3325 3 1 
676 44.659502 10.930154 1.26791 1 3.04286 21.33838 0 7.54948 3.3550 2 2 
677 44.886839 10.897389 0.71682 4 0.55814 11.9808 0 0.97351 9.3325 3 1 
678 44.629643 10.916028 2.18337 3 2.86092 12.87719 0 9.76457 7.3525 1 2 
679 44.635050 10.931091 1.26791 1 3.04286 21.33838 0 7.54948 3.3550 2 2 
680 44.651177 10.950521 1.61198 2 1.87511 14.73976 0 4.65248 5.3325 5 1 
681 44.654330 10.948790 6.17007 1 7.85673 37.57603 0 6.59389 3.7975 4 4 
682 44.653782 10.945181 2.18337 3 2.86092 12.87719 0 9.76457 7.3525 1 2 
683 44.653465 10.944126 2.18337 3 2.86092 12.87719 0 9.76457 7.3525 1 2 
684 44.651441 10.943968 6.17007 1 7.85673 37.57603 0 6.59389 3.7975 4 4 
685 44.654201 10.951187 1.26791 1 3.04286 21.33838 0 7.54948 3.3550 2 2 
686 44.652975 10.944591 1.61198 2 1.87511 14.73976 0 4.65248 5.3325 5 1 
687 44.654849 10.949426 2.18337 3 2.86092 12.87719 0 9.76457 7.3525 1 2 
688 44.653286 10.948375 1.61198 2 1.87511 14.73976 0 4.65248 5.3325 5 1 
689 44.654398 10.947156 1.61198 2 1.87511 14.73976 0 4.65248 5.3325 5 1 
690 44.640670 10.907158 1.61198 2 1.87511 14.73976 0 4.65248 5.3325 5 1 
691 44.640473 10.964498 1.26791 1 3.04286 21.33838 0 7.54948 3.3550 2 2 
692 44.738491 10.921015 0.71682 4 0.55814 11.9808 0 0.97351 9.3325 3 1 
693 44.644663 10.942872 6.17007 1 7.85673 37.57603 0 6.59389 3.7975 4 4 
694 44.647484 10.922107 2.18337 3 2.86092 12.87719 0 9.76457 7.3525 1 2 
695 44.653930 10.912998 1.61198 2 1.87511 14.73976 0 4.65248 5.3325 5 1 
696 44.624450 10.904349 1.61198 2 1.87511 14.73976 0 4.65248 5.3325 5 1 
697 44.658350 10.860539 0.71682 4 0.55814 11.9808 0 0.97351 9.3325 3 1 
698 44.630846 10.970793 1.26791 1 3.04286 21.33838 0 7.54948 3.3550 2 2 
699 44.664187 10.926576 1.61198 2 1.87511 14.73976 0 4.65248 5.3325 5 1 
700 44.658901 10.879782 6.17007 1 7.85673 37.57603 0 6.59389 3.7975 4 4 
701 44.507861 10.945151 2.18337 3 2.86092 12.87719 0 9.76457 7.3525 1 2 
702 44.641659 10.951828 1.61198 2 1.87511 14.73976 0 4.65248 5.3325 5 1 
703 44.629935 10.910739 2.18337 3 2.86092 12.87719 0 9.76457 7.3525 1 2 
704 44.603461 10.870396 2.18337 3 2.86092 12.87719 0 9.76457 7.3525 1 2 
705 44.579629 10.939832 0.71682 4 0.55814 11.9808 0 0.97351 9.3325 3 1 
706 44.627832 10.975776 1.61198 2 1.87511 14.73976 0 4.65248 5.3325 5 1 
707 44.637760 10.919078 6.17007 1 7.85673 37.57603 0 6.59389 3.7975 4 4 
708 44.883938 11.074567 2.18337 3 2.86092 12.87719 0 9.76457 7.3525 1 2 
709 44.642570 10.928215 2.18337 3 2.86092 12.87719 0 9.76457 7.3525 1 2 
710 44.709257 10.915417 1.61198 2 1.87511 14.73976 0 4.65248 5.3325 5 1 
711 44.643939 10.928933 2.18337 3 2.86092 12.87719 0 9.76457 7.3525 1 2 
712 44.661430 10.936986 1.61198 2 1.87511 14.73976 0 4.65248 5.3325 5 1 
713 44.622446 10.921893 2.18337 3 2.86092 12.87719 0 9.76457 7.3525 1 2 
714 44.647725 10.924663 1.26791 1 3.04286 21.33838 0 7.54948 3.3550 2 2 
715 44.644793 10.908556 1.26791 1 3.04286 21.33838 0 7.54948 3.3550 2 2 
716 44.625318 10.894154 0.71682 4 0.55814 11.9808 0 0.97351 9.3325 3 1 
717 44.646696 10.927112 6.17007 1 7.85673 37.57603 0 6.59389 3.7975 4 4 
718 44.652502 10.933116 0.71682 4 0.55814 11.9808 0 0.97351 9.3325 3 1 
719 44.585493 11.021807 0.71682 4 0.55814 11.9808 0 0.97351 9.3325 3 1 
720 44.891514 10.899811 2.18337 3 2.86092 12.87719 0 9.76457 7.3525 1 2 
721 44.625334 10.936794 6.17007 1 7.85673 37.57603 0 6.59389 3.7975 4 4 
722 44.640218 10.913038 1.61198 2 1.87511 14.73976 0 4.65248 5.3325 5 1 
723 44.629911 10.915059 2.18337 3 2.86092 12.87719 0 9.76457 7.3525 1 2 
724 44.632760 10.917931 2.18337 3 2.86092 12.87719 0 9.76457 7.3525 1 2 
725 44.631068 10.898911 6.17007 1 7.85673 37.57603 0 6.59389 3.7975 4 4 
726 44.652105 10.941882 0.71682 4 0.55814 11.9808 0 0.97351 9.3325 3 1 
727 44.641707 10.952831 6.17007 1 7.85673 37.57603 0 6.59389 3.7975 4 4 
728 44.654835 10.887203 1.61198 2 1.87511 14.73976 0 4.65248 5.3325 5 1 
729 44.659414 10.936595 1.61198 2 1.87511 14.73976 0 4.65248 5.3325 5 1 
730 44.690809 10.971557 6.17007 1 7.85673 37.57603 0 6.59389 3.7975 4 4 
731 44.614258 10.938231 0.71682 4 0.55814 11.9808 0 0.97351 9.3325 3 1 
732 44.633135 10.924720 1.26791 1 3.04286 21.33838 0 7.54948 3.3550 2 2 
733 44.669708 10.897511 0.71682 4 0.55814 11.9808 0 0.97351 9.3325 3 1 
734 44.751810 11.005553 2.18337 3 2.86092 12.87719 0 9.76457 7.3525 1 2 
735 44.659561 10.943448 2.18337 3 2.86092 12.87719 0 9.76457 7.3525 1 2 
736 44.571586 10.856023 6.17007 1 7.85673 37.57603 0 6.59389 3.7975 4 4 
737 44.674959 11.031031 1.26791 1 3.04286 21.33838 0 7.54948 3.3550 2 2 
738 44.604313 10.970174 1.26791 1 3.04286 21.33838 0 7.54948 3.3550 2 2 
739 44.634734 10.947882 0.71682 4 0.55814 11.9808 0 0.97351 9.3325 3 1 
740 44.690952 10.840938 2.18337 3 2.86092 12.87719 0 9.76457 7.3525 1 2 
741 44.647459 10.934743 6.17007 1 7.85673 37.57603 0 6.59389 3.7975 4 4 
742 44.584341 11.078741 6.17007 1 7.85673 37.57603 0 6.59389 3.7975 4 4 
743 44.630857 10.912677 1.26791 1 3.04286 21.33838 0 7.54948 3.3550 2 2 
744 44.646008 10.928593 0.71682 4 0.55814 11.9808 0 0.97351 9.3325 3 1 
745 44.647663 10.927899 6.17007 1 7.85673 37.57603 0 6.59389 3.7975 4 4 
746 44.686200 10.917084 2.18337 3 2.86092 12.87719 0 9.76457 7.3525 1 2 
747 44.650243 10.919688 0.71682 4 0.55814 11.9808 0 0.97351 9.3325 3 1 
748 44.670069 10.939413 1.61198 2 1.87511 14.73976 0 4.65248 5.3325 5 1 
749 44.565545 11.036248 6.17007 1 7.85673 37.57603 0 6.59389 3.7975 4 4 
750 44.607740 10.868669 1.61198 2 1.87511 14.73976 0 4.65248 5.3325 5 1 
751 44.626318 10.945224 6.17007 1 7.85673 37.57603 0 6.59389 3.7975 4 4 
752 44.567571 10.833677 1.61198 2 1.87511 14.73976 0 4.65248 5.3325 5 1 
753 44.644731 10.926218 2.18337 3 2.86092 12.87719 0 9.76457 7.3525 1 2 
754 44.625819 10.942849 1.61198 2 1.87511 14.73976 0 4.65248 5.3325 5 1 
755 44.666505 10.912130 2.18337 3 2.86092 12.87719 0 9.76457 7.3525 1 2 
756 44.629155 10.922538 6.17007 1 7.85673 37.57603 0 6.59389 3.7975 4 4 
757 44.657409 10.912315 6.17007 1 7.85673 37.57603 0 6.59389 3.7975 4 4 
758 44.657687 10.977480 0.71682 4 0.55814 11.9808 0 0.97351 9.3325 3 1 
759 44.630355 10.941384 1.26791 1 3.04286 21.33838 0 7.54948 3.3550 2 2 
760 44.647480 10.940212 1.26791 1 3.04286 21.33838 0 7.54948 3.3550 2 2 
761 44.652983 10.931346 1.26791 1 3.04286 21.33838 0 7.54948 3.3550 2 2 
762 44.640198 10.938021 1.61198 2 1.87511 14.73976 0 4.65248 5.3325 5 1 
763 44.838341 11.304238 0.71682 4 0.55814 11.9808 0 0.97351 9.3325 3 1 
764 44.624814 10.937688 0.71682 4 0.55814 11.9808 0 0.97351 9.3325 3 1 
765 44.619327 10.991242 1.26791 1 3.04286 21.33838 0 7.54948 3.3550 2 2 
766 44.610197 10.870414 1.61198 2 1.87511 14.73976 0 4.65248 5.3325 5 1 
767 44.653366 10.926021 6.17007 1 7.85673 37.57603 0 6.59389 3.7975 4 4 
768 44.648444 10.925599 2.18337 3 2.86092 12.87719 0 9.76457 7.3525 1 2 
769 44.575950 10.836631 1.26791 1 3.04286 21.33838 0 7.54948 3.3550 2 2 
770 44.625200 10.925519 1.61198 2 1.87511 14.73976 0 4.65248 5.3325 5 1 
771 44.617622 10.932177 1.26791 1 3.04286 21.33838 0 7.54948 3.3550 2 2 
772 44.658991 10.881291 2.18337 3 2.86092 12.87719 0 9.76457 7.3525 1 2 
773 44.637326 10.938163 0.71682 4 0.55814 11.9808 0 0.97351 9.3325 3 1 
774 44.627114 10.948538 0.71682 4 0.55814 11.9808 0 0.97351 9.3325 3 1 
775 44.648309 10.920084 0.71682 4 0.55814 11.9808 0 0.97351 9.3325 3 1 
776 44.649160 10.923931 1.61198 2 1.87511 14.73976 0 4.65248 5.3325 5 1 
777 44.644287 10.912538 1.26791 1 3.04286 21.33838 0 7.54948 3.3550 2 2 
778 44.647155 10.938929 1.61198 2 1.87511 14.73976 0 4.65248 5.3325 5 1 
779 44.623788 10.933311 1.61198 2 1.87511 14.73976 0 4.65248 5.3325 5 1 
780 44.628905 10.919377 1.26791 1 3.04286 21.33838 0 7.54948 3.3550 2 2 
781 44.845700 11.072764 6.17007 1 7.85673 37.57603 0 6.59389 3.7975 4 4 
782 44.668482 10.864839 1.26791 1 3.04286 21.33838 0 7.54948 3.3550 2 2 
783 44.652706 10.934439 0.71682 4 0.55814 11.9808 0 0.97351 9.3325 3 1 
784 44.689984 10.974721 6.17007 1 7.85673 37.57603 0 6.59389 3.7975 4 4 
785 44.631652 10.919490 1.61198 2 1.87511 14.73976 0 4.65248 5.3325 5 1 
786 44.648011 10.922960 6.17007 1 7.85673 37.57603 0 6.59389 3.7975 4 4 
787 44.641933 10.922145 1.61198 2 1.87511 14.73976 0 4.65248 5.3325 5 1 
788 44.656418 10.910370 1.61198 2 1.87511 14.73976 0 4.65248 5.3325 5 1 
789 44.600885 10.976948 0.71682 4 0.55814 11.9808 0 0.97351 9.3325 3 1 
790 44.644858 10.933528 6.17007 1 7.85673 37.57603 0 6.59389 3.7975 4 4 
791 44.648093 10.916669 1.26791 1 3.04286 21.33838 0 7.54948 3.3550 2 2 
792 44.595437 10.913058 1.26791 1 3.04286 21.33838 0 7.54948 3.3550 2 2 
793 44.674005 10.899461 1.26791 1 3.04286 21.33838 0 7.54948 3.3550 2 2 
794 44.666815 10.944716 6.17007 1 7.85673 37.57603 0 6.59389 3.7975 4 4 
795 44.677046 10.936607 0.71682 4 0.55814 11.9808 0 0.97351 9.3325 3 1 
796 44.654404 10.887294 2.18337 3 2.86092 12.87719 0 9.76457 7.3525 1 2 
797 44.661658 10.888580 2.18337 3 2.86092 12.87719 0 9.76457 7.3525 1 2 
798 44.631915 10.954364 2.18337 3 2.86092 12.87719 0 9.76457 7.3525 1 2 
799 44.635745 10.896464 1.61198 2 1.87511 14.73976 0 4.65248 5.3325 5 1 
800 44.621907 10.931437 0.71682 4 0.55814 11.9808 0 0.97351 9.3325 3 1 
801 44.644342 10.895220 2.18337 3 2.86092 12.87719 0 9.76457 7.3525 1 2 
802 44.653058 10.916925 2.18337 3 2.86092 12.87719 0 9.76457 7.3525 1 2 
803 44.644947 10.912165 2.18337 3 2.86092 12.87719 0 9.76457 7.3525 1 2 
804 44.636209 10.909265 6.17007 1 7.85673 37.57603 0 6.59389 3.7975 4 4 
805 44.644835 10.896816 1.61198 2 1.87511 14.73976 0 4.65248 5.3325 5 1 
806 44.721629 10.891531 1.26791 1 3.04286 21.33838 0 7.54948 3.3550 2 2 
807 44.655561 10.948998 2.18337 3 2.86092 12.87719 0 9.76457 7.3525 1 2 
808 44.664860 10.934134 1.26791 1 3.04286 21.33838 0 7.54948 3.3550 2 2 
809 44.661259 10.893564 0.71682 4 0.55814 11.9808 0 0.97351 9.3325 3 1 
810 44.637922 10.900269 0.71682 4 0.55814 11.9808 0 0.97351 9.3325 3 1 
811 44.628283 10.939207 6.17007 1 7.85673 37.57603 0 6.59389 3.7975 4 4 
812 44.621690 10.943570 0.71682 4 0.55814 11.9808 0 0.97351 9.3325 3 1 
813 44.539518 10.898830 1.61198 2 1.87511 14.73976 0 4.65248 5.3325 5 1 
814 44.668770 10.896675 1.61198 2 1.87511 14.73976 0 4.65248 5.3325 5 1 
815 44.645375 10.817861 1.26791 1 3.04286 21.33838 0 7.54948 3.3550 2 2 
816 44.661951 10.926243 1.26791 1 3.04286 21.33838 0 7.54948 3.3550 2 2 
817 44.533598 11.025887 1.26791 1 3.04286 21.33838 0 7.54948 3.3550 2 2 
818 44.629045 10.922147 1.61198 2 1.87511 14.73976 0 4.65248 5.3325 5 1 
819 44.633063 10.944185 1.61198 2 1.87511 14.73976 0 4.65248 5.3325 5 1 
820 44.674281 10.935397 0.71682 4 0.55814 11.9808 0 0.97351 9.3325 3 1 
821 44.685044 10.895386 1.26791 1 3.04286 21.33838 0 7.54948 3.3550 2 2 
822 44.649192 10.858874 1.26791 1 3.04286 21.33838 0 7.54948 3.3550 2 2 
823 44.632036 10.935185 1.61198 2 1.87511 14.73976 0 4.65248 5.3325 5 1 
824 44.605001 10.874091 6.17007 1 7.85673 37.57603 0 6.59389 3.7975 4 4 
825 44.649291 10.849618 6.17007 1 7.85673 37.57603 0 6.59389 3.7975 4 4 
826 44.601649 10.973504 1.61198 2 1.87511 14.73976 0 4.65248 5.3325 5 1 
827 44.620079 10.942159 0.71682 4 0.55814 11.9808 0 0.97351 9.3325 3 1 
828 44.650766 10.895095 2.18337 3 2.86092 12.87719 0 9.76457 7.3525 1 2 
829 44.603971 10.971484 6.17007 1 7.85673 37.57603 0 6.59389 3.7975 4 4 
830 44.651590 10.914133 6.17007 1 7.85673 37.57603 0 6.59389 3.7975 4 4 
831 44.646211 10.926659 1.61198 2 1.87511 14.73976 0 4.65248 5.3325 5 1 
832 44.647784 10.941944 1.26791 1 3.04286 21.33838 0 7.54948 3.3550 2 2 
833 44.645431 10.943449 2.18337 3 2.86092 12.87719 0 9.76457 7.3525 1 2 
834 44.789517 10.861862 1.26791 1 3.04286 21.33838 0 7.54948 3.3550 2 2 
835 44.634389 10.923058 2.18337 3 2.86092 12.87719 0 9.76457 7.3525 1 2 
836 44.618797 10.909824 1.26791 1 3.04286 21.33838 0 7.54948 3.3550 2 2 
837 44.657801 10.919527 0.71682 4 0.55814 11.9808 0 0.97351 9.3325 3 1 
838 44.645544 10.911004 6.17007 1 7.85673 37.57603 0 6.59389 3.7975 4 4 
839 44.591132 10.949554 6.17007 1 7.85673 37.57603 0 6.59389 3.7975 4 4 
840 44.916054 10.991907 0.71682 4 0.55814 11.9808 0 0.97351 9.3325 3 1 
841 44.645082 10.943258 6.17007 1 7.85673 37.57603 0 6.59389 3.7975 4 4 
842 44.639693 10.952252 0.71682 4 0.55814 11.9808 0 0.97351 9.3325 3 1 
843 44.659528 10.968969 1.61198 2 1.87511 14.73976 0 4.65248 5.3325 5 1 
844 44.614723 10.939249 1.26791 1 3.04286 21.33838 0 7.54948 3.3550 2 2 
845 44.631325 10.916389 6.17007 1 7.85673 37.57603 0 6.59389 3.7975 4 4 
846 44.652225 10.931912 6.17007 1 7.85673 37.57603 0 6.59389 3.7975 4 4 
847 44.834270 11.140909 1.26791 1 3.04286 21.33838 0 7.54948 3.3550 2 2 
848 44.630251 10.984282 1.26791 1 3.04286 21.33838 0 7.54948 3.3550 2 2 
849 44.639162 10.950306 2.18337 3 2.86092 12.87719 0 9.76457 7.3525 1 2 
850 44.659129 10.901203 6.17007 1 7.85673 37.57603 0 6.59389 3.7975 4 4 