600 lat long pcc pcn mem st bw sd cost service task
1 44.625262 10.893088 1.61198 2 1.87511 14.73976 0 4.65248 5.3325 5 1 
2 44.647793 10.930327 1.26791 1 3.04286 21.33838 0 7.54948 3.3550 2 2 
3 44.654346 10.909586 1.61198 2 1.87511 14.73976 0 4.65248 5.3325 5 1 
4 44.645649 10.921296 0.71682 4 0.55814 11.9808 0 0.97351 9.3325 3 1 
5 44.633450 10.924301 1.61198 2 1.87511 14.73976 0 4.65248 5.3325 5 1 
6 44.602418 10.919662 6.17007 1 7.85673 37.57603 0 6.59389 3.7975 4 4 
7 44.645322 10.916054 0.71682 4 0.55814 11.9808 0 0.97351 9.3325 3 1 
8 44.643426 10.891692 1.26791 1 3.04286 21.33838 0 7.54948 3.3550 2 2 
9 44.849179 11.069823 6.17007 1 7.85673 37.57603 0 6.59389 3.7975 4 4 
10 44.644635 10.842004 1.26791 1 3.04286 21.33838 0 7.54948 3.3550 2 2 
11 44.675135 10.900189 0.71682 4 0.55814 11.9808 0 0.97351 9.3325 3 1 
12 44.627010 10.940864 1.26791 1 3.04286 21.33838 0 7.54948 3.3550 2 2 
13 44.687798 10.963777 2.18337 3 2.86092 12.87719 0 9.76457 7.3525 1 2 
14 44.644954 10.925246 6.17007 1 7.85673 37.57603 0 6.59389 3.7975 4 4 
15 44.726452 10.910250 1.26791 1 3.04286 21.33838 0 7.54948 3.3550 2 2 
16 44.661508 10.889147 1.61198 2 1.87511 14.73976 0 4.65248 5.3325 5 1 
17 44.661676 10.923367 1.61198 2 1.87511 14.73976 0 4.65248 5.3325 5 1 
18 44.286752 10.672077 1.61198 2 1.87511 14.73976 0 4.65248 5.3325 5 1 
19 44.287087 10.666050 1.61198 2 1.87511 14.73976 0 4.65248 5.3325 5 1 
20 44.635734 10.947216 1.61198 2 1.87511 14.73976 0 4.65248 5.3325 5 1 
21 44.571934 10.844666 2.18337 3 2.86092 12.87719 0 9.76457 7.3525 1 2 
22 44.646774 10.921880 2.18337 3 2.86092 12.87719 0 9.76457 7.3525 1 2 
23 44.600704 10.973442 2.18337 3 2.86092 12.87719 0 9.76457 7.3525 1 2 
24 44.657643 10.949641 1.26791 1 3.04286 21.33838 0 7.54948 3.3550 2 2 
25 44.678402 10.930480 6.17007 1 7.85673 37.57603 0 6.59389 3.7975 4 4 
26 44.662918 10.925206 2.18337 3 2.86092 12.87719 0 9.76457 7.3525 1 2 
27 44.630666 10.909429 6.17007 1 7.85673 37.57603 0 6.59389 3.7975 4 4 
28 44.641209 10.921766 1.26791 1 3.04286 21.33838 0 7.54948 3.3550 2 2 
29 44.643386 10.932400 1.26791 1 3.04286 21.33838 0 7.54948 3.3550 2 2 
30 44.662543 10.890877 1.61198 2 1.87511 14.73976 0 4.65248 5.3325 5 1 
31 44.643496 10.945125 6.17007 1 7.85673 37.57603 0 6.59389 3.7975 4 4 
32 44.575189 10.919481 0.71682 4 0.55814 11.9808 0 0.97351 9.3325 3 1 
33 44.635463 10.907084 6.17007 1 7.85673 37.57603 0 6.59389 3.7975 4 4 
34 44.624822 10.945836 6.17007 1 7.85673 37.57603 0 6.59389 3.7975 4 4 
35 44.634172 10.924156 1.61198 2 1.87511 14.73976 0 4.65248 5.3325 5 1 
36 44.645899 10.907711 0.71682 4 0.55814 11.9808 0 0.97351 9.3325 3 1 
37 44.632706 10.948055 1.61198 2 1.87511 14.73976 0 4.65248 5.3325 5 1 
38 44.639802 10.806131 6.17007 1 7.85673 37.57603 0 6.59389 3.7975 4 4 
39 44.632474 10.934182 6.17007 1 7.85673 37.57603 0 6.59389 3.7975 4 4 
40 44.662103 10.964165 6.17007 1 7.85673 37.57603 0 6.59389 3.7975 4 4 
41 44.610405 10.920063 1.26791 1 3.04286 21.33838 0 7.54948 3.3550 2 2 
42 44.536086 10.820911 6.17007 1 7.85673 37.57603 0 6.59389 3.7975 4 4 
43 44.626869 10.925723 1.61198 2 1.87511 14.73976 0 4.65248 5.3325 5 1 
44 44.343638 10.729244 2.18337 3 2.86092 12.87719 0 9.76457 7.3525 1 2 
45 44.636847 10.905362 1.61198 2 1.87511 14.73976 0 4.65248 5.3325 5 1 
46 44.625980 10.944816 1.26791 1 3.04286 21.33838 0 7.54948 3.3550 2 2 
47 44.668201 10.936144 2.18337 3 2.86092 12.87719 0 9.76457 7.3525 1 2 
48 44.633658 10.900076 1.26791 1 3.04286 21.33838 0 7.54948 3.3550 2 2 
49 44.641038 10.891075 2.18337 3 2.86092 12.87719 0 9.76457 7.3525 1 2 
50 44.636720 10.901462 1.61198 2 1.87511 14.73976 0 4.65248 5.3325 5 1 
51 44.601834 10.957643 2.18337 3 2.86092 12.87719 0 9.76457 7.3525 1 2 
52 44.650462 10.919184 2.18337 3 2.86092 12.87719 0 9.76457 7.3525 1 2 
53 44.578835 10.829993 1.26791 1 3.04286 21.33838 0 7.54948 3.3550 2 2 
54 44.632772 10.899272 1.61198 2 1.87511 14.73976 0 4.65248 5.3325 5 1 
55 44.647080 10.923876 1.26791 1 3.04286 21.33838 0 7.54948 3.3550 2 2 
56 44.696834 10.889165 1.26791 1 3.04286 21.33838 0 7.54948 3.3550 2 2 
57 44.660988 10.921575 6.17007 1 7.85673 37.57603 0 6.59389 3.7975 4 4 
58 44.645148 10.888136 6.17007 1 7.85673 37.57603 0 6.59389 3.7975 4 4 
59 44.631655 10.971580 0.71682 4 0.55814 11.9808 0 0.97351 9.3325 3 1 
60 44.538036 10.793516 1.26791 1 3.04286 21.33838 0 7.54948 3.3550 2 2 
61 44.636345 10.904913 2.18337 3 2.86092 12.87719 0 9.76457 7.3525 1 2 
62 44.635266 10.928746 0.71682 4 0.55814 11.9808 0 0.97351 9.3325 3 1 
63 44.639521 10.911066 2.18337 3 2.86092 12.87719 0 9.76457 7.3525 1 2 
64 44.640801 10.923262 0.71682 4 0.55814 11.9808 0 0.97351 9.3325 3 1 
65 44.671741 10.866392 6.17007 1 7.85673 37.57603 0 6.59389 3.7975 4 4 
66 44.660419 10.896387 6.17007 1 7.85673 37.57603 0 6.59389 3.7975 4 4 
67 44.657931 10.878713 2.18337 3 2.86092 12.87719 0 9.76457 7.3525 1 2 
68 44.645113 10.907136 2.18337 3 2.86092 12.87719 0 9.76457 7.3525 1 2 
69 44.602478 10.860014 1.26791 1 3.04286 21.33838 0 7.54948 3.3550 2 2 
70 44.679437 11.040059 2.18337 3 2.86092 12.87719 0 9.76457 7.3525 1 2 
71 44.639332 10.962251 6.17007 1 7.85673 37.57603 0 6.59389 3.7975 4 4 
72 44.633829 10.969333 6.17007 1 7.85673 37.57603 0 6.59389 3.7975 4 4 
73 44.674822 10.934524 6.17007 1 7.85673 37.57603 0 6.59389 3.7975 4 4 
74 44.580008 10.911161 1.26791 1 3.04286 21.33838 0 7.54948 3.3550 2 2 
75 44.640578 10.914095 0.71682 4 0.55814 11.9808 0 0.97351 9.3325 3 1 
76 44.628713 10.922815 6.17007 1 7.85673 37.57603 0 6.59389 3.7975 4 4 
77 44.636245 10.926057 1.26791 1 3.04286 21.33838 0 7.54948 3.3550 2 2 
78 44.636749 10.932037 1.61198 2 1.87511 14.73976 0 4.65248 5.3325 5 1 
79 44.651712 10.875960 1.61198 2 1.87511 14.73976 0 4.65248 5.3325 5 1 
80 44.658793 10.904980 2.18337 3 2.86092 12.87719 0 9.76457 7.3525 1 2 
81 44.649759 10.900387 6.17007 1 7.85673 37.57603 0 6.59389 3.7975 4 4 
82 44.632273 10.868276 2.18337 3 2.86092 12.87719 0 9.76457 7.3525 1 2 
83 44.649407 10.921292 0.71682 4 0.55814 11.9808 0 0.97351 9.3325 3 1 
84 44.625274 10.929279 2.18337 3 2.86092 12.87719 0 9.76457 7.3525 1 2 
85 44.656379 10.890524 0.71682 4 0.55814 11.9808 0 0.97351 9.3325 3 1 
86 44.475185 10.991325 1.61198 2 1.87511 14.73976 0 4.65248 5.3325 5 1 
87 44.608459 10.978220 1.26791 1 3.04286 21.33838 0 7.54948 3.3550 2 2 
88 44.524855 10.860216 0.71682 4 0.55814 11.9808 0 0.97351 9.3325 3 1 
89 44.692672 10.967912 1.26791 1 3.04286 21.33838 0 7.54948 3.3550 2 2 
90 44.658118 10.932318 0.71682 4 0.55814 11.9808 0 0.97351 9.3325 3 1 
91 44.679634 10.946879 6.17007 1 7.85673 37.57603 0 6.59389 3.7975 4 4 
92 44.644888 10.922599 2.18337 3 2.86092 12.87719 0 9.76457 7.3525 1 2 
93 44.645348 10.917547 0.71682 4 0.55814 11.9808 0 0.97351 9.3325 3 1 
94 44.655713 10.898435 0.71682 4 0.55814 11.9808 0 0.97351 9.3325 3 1 
95 44.649814 10.918457 1.61198 2 1.87511 14.73976 0 4.65248 5.3325 5 1 
96 44.639744 10.909265 2.18337 3 2.86092 12.87719 0 9.76457 7.3525 1 2 
97 44.625470 10.942371 0.71682 4 0.55814 11.9808 0 0.97351 9.3325 3 1 
98 44.877277 11.071046 1.26791 1 3.04286 21.33838 0 7.54948 3.3550 2 2 
99 44.643751 10.942125 1.26791 1 3.04286 21.33838 0 7.54948 3.3550 2 2 
100 44.882503 11.066729 1.61198 2 1.87511 14.73976 0 4.65248 5.3325 5 1 
101 44.727825 10.919785 0.71682 4 0.55814 11.9808 0 0.97351 9.3325 3 1 
102 44.660306 10.965302 0.71682 4 0.55814 11.9808 0 0.97351 9.3325 3 1 
103 44.612507 10.983511 0.71682 4 0.55814 11.9808 0 0.97351 9.3325 3 1 
104 44.640358 10.907456 0.71682 4 0.55814 11.9808 0 0.97351 9.3325 3 1 
105 44.649723 10.920020 6.17007 1 7.85673 37.57603 0 6.59389 3.7975 4 4 
106 44.652880 10.934645 0.71682 4 0.55814 11.9808 0 0.97351 9.3325 3 1 
107 44.637494 10.935028 0.71682 4 0.55814 11.9808 0 0.97351 9.3325 3 1 
108 44.634089 10.916551 6.17007 1 7.85673 37.57603 0 6.59389 3.7975 4 4 
109 44.633457 10.856224 1.61198 2 1.87511 14.73976 0 4.65248 5.3325 5 1 
110 44.659200 10.933352 0.71682 4 0.55814 11.9808 0 0.97351 9.3325 3 1 
111 44.656419 10.909598 2.18337 3 2.86092 12.87719 0 9.76457 7.3525 1 2 
112 44.687662 10.963423 1.61198 2 1.87511 14.73976 0 4.65248 5.3325 5 1 
113 44.639710 10.948131 2.18337 3 2.86092 12.87719 0 9.76457 7.3525 1 2 
114 44.623780 10.917712 1.26791 1 3.04286 21.33838 0 7.54948 3.3550 2 2 
115 44.629260 10.942703 1.26791 1 3.04286 21.33838 0 7.54948 3.3550 2 2 
116 44.645879 10.930202 0.71682 4 0.55814 11.9808 0 0.97351 9.3325 3 1 
117 44.638511 10.873769 0.71682 4 0.55814 11.9808 0 0.97351 9.3325 3 1 
118 44.625556 10.894379 1.26791 1 3.04286 21.33838 0 7.54948 3.3550 2 2 
119 44.836184 11.292578 1.26791 1 3.04286 21.33838 0 7.54948 3.3550 2 2 
120 44.695435 10.875618 1.61198 2 1.87511 14.73976 0 4.65248 5.3325 5 1 
121 44.633370 10.946570 1.26791 1 3.04286 21.33838 0 7.54948 3.3550 2 2 
122 44.660409 10.962256 0.71682 4 0.55814 11.9808 0 0.97351 9.3325 3 1 
123 44.659720 10.920255 1.26791 1 3.04286 21.33838 0 7.54948 3.3550 2 2 
124 44.626128 10.929277 1.61198 2 1.87511 14.73976 0 4.65248 5.3325 5 1 
125 44.668198 10.938464 0.71682 4 0.55814 11.9808 0 0.97351 9.3325 3 1 
126 44.650372 10.898436 1.26791 1 3.04286 21.33838 0 7.54948 3.3550 2 2 
127 44.634077 10.950419 6.17007 1 7.85673 37.57603 0 6.59389 3.7975 4 4 
128 44.622888 10.891130 6.17007 1 7.85673 37.57603 0 6.59389 3.7975 4 4 
129 44.672005 10.939487 1.26791 1 3.04286 21.33838 0 7.54948 3.3550 2 2 
130 44.636236 10.921261 6.17007 1 7.85673 37.57603 0 6.59389 3.7975 4 4 
131 44.509709 10.950041 1.61198 2 1.87511 14.73976 0 4.65248 5.3325 5 1 
132 44.641216 10.943818 1.26791 1 3.04286 21.33838 0 7.54948 3.3550 2 2 
133 44.641960 10.966249 1.26791 1 3.04286 21.33838 0 7.54948 3.3550 2 2 
134 44.630155 10.960969 1.61198 2 1.87511 14.73976 0 4.65248 5.3325 5 1 
135 44.678212 10.952872 0.71682 4 0.55814 11.9808 0 0.97351 9.3325 3 1 
136 44.655040 10.905814 6.17007 1 7.85673 37.57603 0 6.59389 3.7975 4 4 
137 44.655574 10.900547 1.26791 1 3.04286 21.33838 0 7.54948 3.3550 2 2 
138 44.654197 10.890697 2.18337 3 2.86092 12.87719 0 9.76457 7.3525 1 2 
139 44.650509 10.933601 1.61198 2 1.87511 14.73976 0 4.65248 5.3325 5 1 
140 44.540266 10.793640 2.18337 3 2.86092 12.87719 0 9.76457 7.3525 1 2 
141 44.628309 10.969620 1.61198 2 1.87511 14.73976 0 4.65248 5.3325 5 1 
142 44.881357 10.887794 6.17007 1 7.85673 37.57603 0 6.59389 3.7975 4 4 
143 44.602274 10.969724 0.71682 4 0.55814 11.9808 0 0.97351 9.3325 3 1 
144 44.638403 10.876708 1.26791 1 3.04286 21.33838 0 7.54948 3.3550 2 2 
145 44.655428 10.872448 6.17007 1 7.85673 37.57603 0 6.59389 3.7975 4 4 
146 44.646758 10.928595 6.17007 1 7.85673 37.57603 0 6.59389 3.7975 4 4 
147 44.635333 10.946670 1.26791 1 3.04286 21.33838 0 7.54948 3.3550 2 2 
148 44.646341 10.925073 2.18337 3 2.86092 12.87719 0 9.76457 7.3525 1 2 
149 44.623009 10.948569 6.17007 1 7.85673 37.57603 0 6.59389 3.7975 4 4 
150 44.647191 10.919890 1.61198 2 1.87511 14.73976 0 4.65248 5.3325 5 1 
151 44.723040 10.900088 0.71682 4 0.55814 11.9808 0 0.97351 9.3325 3 1 
152 44.645191 10.923256 2.18337 3 2.86092 12.87719 0 9.76457 7.3525 1 2 
153 44.645161 10.928992 6.17007 1 7.85673 37.57603 0 6.59389 3.7975 4 4 
154 44.843135 11.146038 2.18337 3 2.86092 12.87719 0 9.76457 7.3525 1 2 
155 44.661620 10.892461 6.17007 1 7.85673 37.57603 0 6.59389 3.7975 4 4 
156 44.639786 10.891890 1.26791 1 3.04286 21.33838 0 7.54948 3.3550 2 2 
157 44.523177 10.859042 1.26791 1 3.04286 21.33838 0 7.54948 3.3550 2 2 
158 44.661658 10.888580 0.71682 4 0.55814 11.9808 0 0.97351 9.3325 3 1 
159 44.661748 10.908158 6.17007 1 7.85673 37.57603 0 6.59389 3.7975 4 4 
160 44.636547 10.933714 2.18337 3 2.86092 12.87719 0 9.76457 7.3525 1 2 
161 44.628160 10.892855 2.18337 3 2.86092 12.87719 0 9.76457 7.3525 1 2 
162 44.657913 10.903107 2.18337 3 2.86092 12.87719 0 9.76457 7.3525 1 2 
163 44.632230 10.947447 0.71682 4 0.55814 11.9808 0 0.97351 9.3325 3 1 
164 44.637345 10.917497 1.61198 2 1.87511 14.73976 0 4.65248 5.3325 5 1 
165 44.637662 10.940099 1.26791 1 3.04286 21.33838 0 7.54948 3.3550 2 2 
166 44.639564 10.907711 2.18337 3 2.86092 12.87719 0 9.76457 7.3525 1 2 
167 44.668256 10.930643 1.26791 1 3.04286 21.33838 0 7.54948 3.3550 2 2 
168 44.645819 10.930726 0.71682 4 0.55814 11.9808 0 0.97351 9.3325 3 1 
169 44.530257 11.019961 6.17007 1 7.85673 37.57603 0 6.59389 3.7975 4 4 
170 44.661960 10.889476 2.18337 3 2.86092 12.87719 0 9.76457 7.3525 1 2 
171 44.629817 10.911359 2.18337 3 2.86092 12.87719 0 9.76457 7.3525 1 2 
172 44.634838 10.974548 1.26791 1 3.04286 21.33838 0 7.54948 3.3550 2 2 
173 44.621347 10.931603 1.26791 1 3.04286 21.33838 0 7.54948 3.3550 2 2 
174 44.595873 10.974174 6.17007 1 7.85673 37.57603 0 6.59389 3.7975 4 4 
175 44.645864 10.922327 1.26791 1 3.04286 21.33838 0 7.54948 3.3550 2 2 
176 44.626551 10.943452 0.71682 4 0.55814 11.9808 0 0.97351 9.3325 3 1 
177 44.622090 10.926164 1.61198 2 1.87511 14.73976 0 4.65248 5.3325 5 1 
178 44.634954 10.894250 1.61198 2 1.87511 14.73976 0 4.65248 5.3325 5 1 
179 44.645533 10.972414 1.26791 1 3.04286 21.33838 0 7.54948 3.3550 2 2 
180 44.656795 10.914978 0.71682 4 0.55814 11.9808 0 0.97351 9.3325 3 1 
181 44.671481 10.894920 2.18337 3 2.86092 12.87719 0 9.76457 7.3525 1 2 
182 44.662918 10.925206 1.61198 2 1.87511 14.73976 0 4.65248 5.3325 5 1 
183 44.640937 10.861207 6.17007 1 7.85673 37.57603 0 6.59389 3.7975 4 4 
184 44.595794 10.929986 2.18337 3 2.86092 12.87719 0 9.76457 7.3525 1 2 
185 44.639989 10.926191 0.71682 4 0.55814 11.9808 0 0.97351 9.3325 3 1 
186 44.646601 10.855335 6.17007 1 7.85673 37.57603 0 6.59389 3.7975 4 4 
187 44.642101 10.913961 6.17007 1 7.85673 37.57603 0 6.59389 3.7975 4 4 
188 44.633559 10.959935 1.61198 2 1.87511 14.73976 0 4.65248 5.3325 5 1 
189 44.887139 11.065114 1.26791 1 3.04286 21.33838 0 7.54948 3.3550 2 2 
190 44.676294 10.934989 2.18337 3 2.86092 12.87719 0 9.76457 7.3525 1 2 
191 44.638372 10.920484 0.71682 4 0.55814 11.9808 0 0.97351 9.3325 3 1 
192 44.598609 10.959842 6.17007 1 7.85673 37.57603 0 6.59389 3.7975 4 4 
193 44.650799 10.802457 6.17007 1 7.85673 37.57603 0 6.59389 3.7975 4 4 
194 44.637372 10.797124 0.71682 4 0.55814 11.9808 0 0.97351 9.3325 3 1 
195 44.572426 10.941783 6.17007 1 7.85673 37.57603 0 6.59389 3.7975 4 4 
196 44.579704 10.945882 6.17007 1 7.85673 37.57603 0 6.59389 3.7975 4 4 
197 44.603635 10.863614 1.61198 2 1.87511 14.73976 0 4.65248 5.3325 5 1 
198 44.660671 10.960148 2.18337 3 2.86092 12.87719 0 9.76457 7.3525 1 2 
199 44.646504 10.840999 6.17007 1 7.85673 37.57603 0 6.59389 3.7975 4 4 
200 44.636657 10.910483 0.71682 4 0.55814 11.9808 0 0.97351 9.3325 3 1 
201 44.611956 10.890166 6.17007 1 7.85673 37.57603 0 6.59389 3.7975 4 4 
202 44.654678 10.942877 1.26791 1 3.04286 21.33838 0 7.54948 3.3550 2 2 
203 44.645480 10.924387 1.26791 1 3.04286 21.33838 0 7.54948 3.3550 2 2 
204 44.659551 10.898291 1.26791 1 3.04286 21.33838 0 7.54948 3.3550 2 2 
205 44.621395 10.917592 1.61198 2 1.87511 14.73976 0 4.65248 5.3325 5 1 
206 44.658013 10.947920 2.18337 3 2.86092 12.87719 0 9.76457 7.3525 1 2 
207 44.642258 10.911866 1.61198 2 1.87511 14.73976 0 4.65248 5.3325 5 1 
208 44.635945 10.948656 2.18337 3 2.86092 12.87719 0 9.76457 7.3525 1 2 
209 44.657915 10.914884 1.61198 2 1.87511 14.73976 0 4.65248 5.3325 5 1 
210 44.624450 10.911829 1.26791 1 3.04286 21.33838 0 7.54948 3.3550 2 2 
211 44.627781 10.934815 1.26791 1 3.04286 21.33838 0 7.54948 3.3550 2 2 
212 44.517551 10.859047 6.17007 1 7.85673 37.57603 0 6.59389 3.7975 4 4 
213 44.651619 10.804524 0.71682 4 0.55814 11.9808 0 0.97351 9.3325 3 1 
214 44.688732 10.921788 2.18337 3 2.86092 12.87719 0 9.76457 7.3525 1 2 
215 44.623420 10.916989 1.26791 1 3.04286 21.33838 0 7.54948 3.3550 2 2 
216 44.662299 10.963512 1.61198 2 1.87511 14.73976 0 4.65248 5.3325 5 1 
217 44.638479 10.957922 6.17007 1 7.85673 37.57603 0 6.59389 3.7975 4 4 
218 44.638193 10.949588 2.18337 3 2.86092 12.87719 0 9.76457 7.3525 1 2 
219 44.659824 10.910984 1.26791 1 3.04286 21.33838 0 7.54948 3.3550 2 2 
220 44.643665 10.903189 1.26791 1 3.04286 21.33838 0 7.54948 3.3550 2 2 
221 44.654136 10.918169 6.17007 1 7.85673 37.57603 0 6.59389 3.7975 4 4 
222 44.614015 10.951830 2.18337 3 2.86092 12.87719 0 9.76457 7.3525 1 2 
223 44.747142 10.976170 1.61198 2 1.87511 14.73976 0 4.65248 5.3325 5 1 
224 44.600043 10.971707 1.26791 1 3.04286 21.33838 0 7.54948 3.3550 2 2 
225 44.647162 10.927196 1.61198 2 1.87511 14.73976 0 4.65248 5.3325 5 1 
226 44.882211 11.059934 1.61198 2 1.87511 14.73976 0 4.65248 5.3325 5 1 
227 44.683930 10.869963 1.26791 1 3.04286 21.33838 0 7.54948 3.3550 2 2 
228 44.629552 10.902643 2.18337 3 2.86092 12.87719 0 9.76457 7.3525 1 2 
229 44.675603 11.016675 1.61198 2 1.87511 14.73976 0 4.65248 5.3325 5 1 
230 44.679100 11.030249 6.17007 1 7.85673 37.57603 0 6.59389 3.7975 4 4 
231 44.638668 10.897724 0.71682 4 0.55814 11.9808 0 0.97351 9.3325 3 1 
232 44.647028 10.899999 2.18337 3 2.86092 12.87719 0 9.76457 7.3525 1 2 
233 44.643713 10.893185 1.61198 2 1.87511 14.73976 0 4.65248 5.3325 5 1 
234 44.656819 10.911915 1.26791 1 3.04286 21.33838 0 7.54948 3.3550 2 2 
235 44.634377 10.894371 6.17007 1 7.85673 37.57603 0 6.59389 3.7975 4 4 
236 44.839309 11.305532 1.26791 1 3.04286 21.33838 0 7.54948 3.3550 2 2 
237 44.622959 10.928795 2.18337 3 2.86092 12.87719 0 9.76457 7.3525 1 2 
238 44.626159 10.928194 1.26791 1 3.04286 21.33838 0 7.54948 3.3550 2 2 
239 44.652905 10.932157 2.18337 3 2.86092 12.87719 0 9.76457 7.3525 1 2 
240 44.664070 10.922878 1.61198 2 1.87511 14.73976 0 4.65248 5.3325 5 1 
241 44.652963 10.941439 6.17007 1 7.85673 37.57603 0 6.59389 3.7975 4 4 
242 44.653388 10.940172 6.17007 1 7.85673 37.57603 0 6.59389 3.7975 4 4 
243 44.636715 10.935783 1.61198 2 1.87511 14.73976 0 4.65248 5.3325 5 1 
244 44.628203 10.940386 1.61198 2 1.87511 14.73976 0 4.65248 5.3325 5 1 
245 44.555647 10.793730 2.18337 3 2.86092 12.87719 0 9.76457 7.3525 1 2 
246 44.622621 10.975875 6.17007 1 7.85673 37.57603 0 6.59389 3.7975 4 4 
247 44.622406 10.890925 1.61198 2 1.87511 14.73976 0 4.65248 5.3325 5 1 
248 44.646389 10.918171 0.71682 4 0.55814 11.9808 0 0.97351 9.3325 3 1 
249 44.657019 10.893371 0.71682 4 0.55814 11.9808 0 0.97351 9.3325 3 1 
250 44.636704 10.936763 1.61198 2 1.87511 14.73976 0 4.65248 5.3325 5 1 
251 44.639584 10.954861 1.61198 2 1.87511 14.73976 0 4.65248 5.3325 5 1 
252 44.631654 10.918496 6.17007 1 7.85673 37.57603 0 6.59389 3.7975 4 4 
253 44.656001 10.892861 1.61198 2 1.87511 14.73976 0 4.65248 5.3325 5 1 
254 44.831965 11.292386 2.18337 3 2.86092 12.87719 0 9.76457 7.3525 1 2 
255 44.600294 10.976759 2.18337 3 2.86092 12.87719 0 9.76457 7.3525 1 2 
256 44.619935 10.923400 6.17007 1 7.85673 37.57603 0 6.59389 3.7975 4 4 
257 44.659110 10.970314 2.18337 3 2.86092 12.87719 0 9.76457 7.3525 1 2 
258 44.649567 10.901025 0.71682 4 0.55814 11.9808 0 0.97351 9.3325 3 1 
259 44.638905 10.945953 6.17007 1 7.85673 37.57603 0 6.59389 3.7975 4 4 
260 44.660299 10.894826 1.61198 2 1.87511 14.73976 0 4.65248 5.3325 5 1 
261 44.657512 10.889531 2.18337 3 2.86092 12.87719 0 9.76457 7.3525 1 2 
262 44.808582 10.837993 6.17007 1 7.85673 37.57603 0 6.59389 3.7975 4 4 
263 44.630057 10.914521 2.18337 3 2.86092 12.87719 0 9.76457 7.3525 1 2 
264 44.629683 10.924988 1.26791 1 3.04286 21.33838 0 7.54948 3.3550 2 2 
265 44.609587 10.864279 2.18337 3 2.86092 12.87719 0 9.76457 7.3525 1 2 
266 44.560000 11.026496 1.26791 1 3.04286 21.33838 0 7.54948 3.3550 2 2 
267 44.637135 10.912478 2.18337 3 2.86092 12.87719 0 9.76457 7.3525 1 2 
268 44.877803 11.073044 1.61198 2 1.87511 14.73976 0 4.65248 5.3325 5 1 
269 44.654331 10.881274 2.18337 3 2.86092 12.87719 0 9.76457 7.3525 1 2 
270 44.636749 10.932037 0.71682 4 0.55814 11.9808 0 0.97351 9.3325 3 1 
271 44.635689 10.913056 6.17007 1 7.85673 37.57603 0 6.59389 3.7975 4 4 
272 44.655725 10.924865 0.71682 4 0.55814 11.9808 0 0.97351 9.3325 3 1 
273 44.670308 11.043170 0.71682 4 0.55814 11.9808 0 0.97351 9.3325 3 1 
274 44.636439 10.950364 2.18337 3 2.86092 12.87719 0 9.76457 7.3525 1 2 
275 44.643300 10.920191 0.71682 4 0.55814 11.9808 0 0.97351 9.3325 3 1 
276 44.691359 10.846343 2.18337 3 2.86092 12.87719 0 9.76457 7.3525 1 2 
277 44.627167 10.952076 2.18337 3 2.86092 12.87719 0 9.76457 7.3525 1 2 
278 44.688568 10.916532 0.71682 4 0.55814 11.9808 0 0.97351 9.3325 3 1 
279 44.656430 10.935697 1.61198 2 1.87511 14.73976 0 4.65248 5.3325 5 1 
280 44.634501 10.918805 0.71682 4 0.55814 11.9808 0 0.97351 9.3325 3 1 
281 44.626534 10.941492 2.18337 3 2.86092 12.87719 0 9.76457 7.3525 1 2 
282 44.562515 10.846061 1.61198 2 1.87511 14.73976 0 4.65248 5.3325 5 1 
283 44.726204 11.040994 1.26791 1 3.04286 21.33838 0 7.54948 3.3550 2 2 
284 44.536092 10.785718 2.18337 3 2.86092 12.87719 0 9.76457 7.3525 1 2 
285 44.632991 10.950615 2.18337 3 2.86092 12.87719 0 9.76457 7.3525 1 2 
286 44.661768 10.943031 6.17007 1 7.85673 37.57603 0 6.59389 3.7975 4 4 
287 44.649759 10.900387 2.18337 3 2.86092 12.87719 0 9.76457 7.3525 1 2 
288 44.645606 10.841911 0.71682 4 0.55814 11.9808 0 0.97351 9.3325 3 1 
289 44.645684 10.913780 2.18337 3 2.86092 12.87719 0 9.76457 7.3525 1 2 
290 44.620544 10.884007 2.18337 3 2.86092 12.87719 0 9.76457 7.3525 1 2 
291 44.849458 11.207727 2.18337 3 2.86092 12.87719 0 9.76457 7.3525 1 2 
292 44.629604 10.975063 2.18337 3 2.86092 12.87719 0 9.76457 7.3525 1 2 
293 44.654831 10.929634 6.17007 1 7.85673 37.57603 0 6.59389 3.7975 4 4 
294 44.593203 10.947346 6.17007 1 7.85673 37.57603 0 6.59389 3.7975 4 4 
295 44.646258 10.920909 6.17007 1 7.85673 37.57603 0 6.59389 3.7975 4 4 
296 44.613327 10.938955 1.26791 1 3.04286 21.33838 0 7.54948 3.3550 2 2 
297 44.648069 10.922534 1.26791 1 3.04286 21.33838 0 7.54948 3.3550 2 2 
298 44.650462 10.919184 2.18337 3 2.86092 12.87719 0 9.76457 7.3525 1 2 
299 44.690262 10.969892 2.18337 3 2.86092 12.87719 0 9.76457 7.3525 1 2 
300 44.636922 10.972156 0.71682 4 0.55814 11.9808 0 0.97351 9.3325 3 1 
301 44.647465 10.926259 1.61198 2 1.87511 14.73976 0 4.65248 5.3325 5 1 
302 44.578293 10.842339 2.18337 3 2.86092 12.87719 0 9.76457 7.3525 1 2 
303 44.884469 11.059152 1.61198 2 1.87511 14.73976 0 4.65248 5.3325 5 1 
304 44.634045 10.937597 2.18337 3 2.86092 12.87719 0 9.76457 7.3525 1 2 
305 44.630149 10.923425 1.61198 2 1.87511 14.73976 0 4.65248 5.3325 5 1 
306 44.574655 10.851296 0.71682 4 0.55814 11.9808 0 0.97351 9.3325 3 1 
307 44.620512 10.912136 1.61198 2 1.87511 14.73976 0 4.65248 5.3325 5 1 
308 44.632033 10.921797 2.18337 3 2.86092 12.87719 0 9.76457 7.3525 1 2 
309 44.637525 10.928231 0.71682 4 0.55814 11.9808 0 0.97351 9.3325 3 1 
310 44.588975 10.953107 6.17007 1 7.85673 37.57603 0 6.59389 3.7975 4 4 
311 44.542617 10.943059 1.61198 2 1.87511 14.73976 0 4.65248 5.3325 5 1 
312 44.658389 10.930665 1.26791 1 3.04286 21.33838 0 7.54948 3.3550 2 2 
313 44.652534 10.931085 1.26791 1 3.04286 21.33838 0 7.54948 3.3550 2 2 
314 44.666557 10.913467 1.61198 2 1.87511 14.73976 0 4.65248 5.3325 5 1 
315 44.655052 10.895586 0.71682 4 0.55814 11.9808 0 0.97351 9.3325 3 1 
316 44.857534 11.205391 1.61198 2 1.87511 14.73976 0 4.65248 5.3325 5 1 
317 44.669187 10.901785 6.17007 1 7.85673 37.57603 0 6.59389 3.7975 4 4 
318 44.638285 10.894099 6.17007 1 7.85673 37.57603 0 6.59389 3.7975 4 4 
319 44.500456 11.021603 1.26791 1 3.04286 21.33838 0 7.54948 3.3550 2 2 
320 44.624223 10.973547 1.26791 1 3.04286 21.33838 0 7.54948 3.3550 2 2 
321 44.634406 10.975937 6.17007 1 7.85673 37.57603 0 6.59389 3.7975 4 4 
322 44.580871 10.919996 6.17007 1 7.85673 37.57603 0 6.59389 3.7975 4 4 
323 44.653016 10.926072 2.18337 3 2.86092 12.87719 0 9.76457 7.3525 1 2 
324 44.647885 10.927507 2.18337 3 2.86092 12.87719 0 9.76457 7.3525 1 2 
325 44.657133 10.901686 2.18337 3 2.86092 12.87719 0 9.76457 7.3525 1 2 
326 44.696272 10.917355 1.26791 1 3.04286 21.33838 0 7.54948 3.3550 2 2 
327 44.642964 10.898701 2.18337 3 2.86092 12.87719 0 9.76457 7.3525 1 2 
328 44.628366 10.833977 1.61198 2 1.87511 14.73976 0 4.65248 5.3325 5 1 
329 44.645527 10.929868 1.61198 2 1.87511 14.73976 0 4.65248 5.3325 5 1 
330 44.675251 11.032612 2.18337 3 2.86092 12.87719 0 9.76457 7.3525 1 2 
331 44.684926 10.967801 1.26791 1 3.04286 21.33838 0 7.54948 3.3550 2 2 
332 44.644519 10.923326 2.18337 3 2.86092 12.87719 0 9.76457 7.3525 1 2 
333 44.704257 10.946627 2.18337 3 2.86092 12.87719 0 9.76457 7.3525 1 2 
334 44.644201 10.921690 1.26791 1 3.04286 21.33838 0 7.54948 3.3550 2 2 
335 44.634073 10.933342 1.61198 2 1.87511 14.73976 0 4.65248 5.3325 5 1 
336 44.653741 10.915598 0.71682 4 0.55814 11.9808 0 0.97351 9.3325 3 1 
337 44.635764 10.971245 6.17007 1 7.85673 37.57603 0 6.59389 3.7975 4 4 
338 44.632720 10.904139 1.26791 1 3.04286 21.33838 0 7.54948 3.3550 2 2 
339 44.621414 10.938813 6.17007 1 7.85673 37.57603 0 6.59389 3.7975 4 4 
340 44.650637 10.954982 0.71682 4 0.55814 11.9808 0 0.97351 9.3325 3 1 
341 44.667430 10.911528 1.61198 2 1.87511 14.73976 0 4.65248 5.3325 5 1 
342 44.632796 10.961863 6.17007 1 7.85673 37.57603 0 6.59389 3.7975 4 4 
343 44.642272 10.911903 0.71682 4 0.55814 11.9808 0 0.97351 9.3325 3 1 
344 44.631749 10.916527 6.17007 1 7.85673 37.57603 0 6.59389 3.7975 4 4 
345 44.788902 11.135891 1.26791 1 3.04286 21.33838 0 7.54948 3.3550 2 2 
346 44.643971 10.898794 1.26791 1 3.04286 21.33838 0 7.54948 3.3550 2 2 
347 44.617010 10.924227 1.26791 1 3.04286 21.33838 0 7.54948 3.3550 2 2 
348 44.639516 10.937508 1.26791 1 3.04286 21.33838 0 7.54948 3.3550 2 2 
349 44.606553 10.863299 0.71682 4 0.55814 11.9808 0 0.97351 9.3325 3 1 
350 44.655270 10.962604 2.18337 3 2.86092 12.87719 0 9.76457 7.3525 1 2 
351 44.628194 10.942825 6.17007 1 7.85673 37.57603 0 6.59389 3.7975 4 4 
352 44.653356 10.916260 1.61198 2 1.87511 14.73976 0 4.65248 5.3325 5 1 
353 44.643971 10.931975 0.71682 4 0.55814 11.9808 0 0.97351 9.3325 3 1 
354 44.641140 10.967674 6.17007 1 7.85673 37.57603 0 6.59389 3.7975 4 4 
355 44.650909 10.902984 2.18337 3 2.86092 12.87719 0 9.76457 7.3525 1 2 
356 44.647224 10.937482 0.71682 4 0.55814 11.9808 0 0.97351 9.3325 3 1 
357 44.627388 10.947458 1.61198 2 1.87511 14.73976 0 4.65248 5.3325 5 1 
358 44.627402 10.891416 0.71682 4 0.55814 11.9808 0 0.97351 9.3325 3 1 
359 44.628293 10.922684 2.18337 3 2.86092 12.87719 0 9.76457 7.3525 1 2 
360 44.850090 11.065451 6.17007 1 7.85673 37.57603 0 6.59389 3.7975 4 4 
361 44.585973 10.971270 0.71682 4 0.55814 11.9808 0 0.97351 9.3325 3 1 
362 44.670502 10.934840 1.61198 2 1.87511 14.73976 0 4.65248 5.3325 5 1 
363 44.653078 10.913648 1.61198 2 1.87511 14.73976 0 4.65248 5.3325 5 1 
364 44.647058 10.842760 1.26791 1 3.04286 21.33838 0 7.54948 3.3550 2 2 
365 44.615921 10.927205 1.26791 1 3.04286 21.33838 0 7.54948 3.3550 2 2 
366 44.602597 10.971684 0.71682 4 0.55814 11.9808 0 0.97351 9.3325 3 1 
367 44.641374 10.919607 1.61198 2 1.87511 14.73976 0 4.65248 5.3325 5 1 
368 44.649934 10.932892 2.18337 3 2.86092 12.87719 0 9.76457 7.3525 1 2 
369 44.630928 10.901713 1.26791 1 3.04286 21.33838 0 7.54948 3.3550 2 2 
370 44.659224 10.892006 1.26791 1 3.04286 21.33838 0 7.54948 3.3550 2 2 
371 44.602907 10.970402 1.61198 2 1.87511 14.73976 0 4.65248 5.3325 5 1 
372 44.885152 11.052974 6.17007 1 7.85673 37.57603 0 6.59389 3.7975 4 4 
373 44.635985 10.956004 0.71682 4 0.55814 11.9808 0 0.97351 9.3325 3 1 
374 44.638667 10.931792 1.61198 2 1.87511 14.73976 0 4.65248 5.3325 5 1 
375 44.595792 10.973233 0.71682 4 0.55814 11.9808 0 0.97351 9.3325 3 1 
376 44.586460 10.971802 1.61198 2 1.87511 14.73976 0 4.65248 5.3325 5 1 
377 44.599069 10.980159 0.71682 4 0.55814 11.9808 0 0.97351 9.3325 3 1 
378 44.601714 10.971095 1.61198 2 1.87511 14.73976 0 4.65248 5.3325 5 1 
379 44.635966 10.934109 2.18337 3 2.86092 12.87719 0 9.76457 7.3525 1 2 
380 44.543522 10.781224 1.26791 1 3.04286 21.33838 0 7.54948 3.3550 2 2 
381 44.527046 10.874341 2.18337 3 2.86092 12.87719 0 9.76457 7.3525 1 2 
382 44.630239 10.974414 2.18337 3 2.86092 12.87719 0 9.76457 7.3525 1 2 
383 44.537016 10.791756 1.26791 1 3.04286 21.33838 0 7.54948 3.3550 2 2 
384 44.657216 10.932591 2.18337 3 2.86092 12.87719 0 9.76457 7.3525 1 2 
385 44.629612 10.951159 0.71682 4 0.55814 11.9808 0 0.97351 9.3325 3 1 
386 44.657566 10.902329 1.26791 1 3.04286 21.33838 0 7.54948 3.3550 2 2 
387 44.627062 10.918328 0.71682 4 0.55814 11.9808 0 0.97351 9.3325 3 1 
388 44.668651 10.933893 2.18337 3 2.86092 12.87719 0 9.76457 7.3525 1 2 
389 44.645988 10.925689 1.61198 2 1.87511 14.73976 0 4.65248 5.3325 5 1 
390 44.609512 10.989024 2.18337 3 2.86092 12.87719 0 9.76457 7.3525 1 2 
391 44.890527 10.902993 0.71682 4 0.55814 11.9808 0 0.97351 9.3325 3 1 
392 44.643863 10.925188 6.17007 1 7.85673 37.57603 0 6.59389 3.7975 4 4 
393 44.645791 10.920157 2.18337 3 2.86092 12.87719 0 9.76457 7.3525 1 2 
394 44.634697 10.906682 1.26791 1 3.04286 21.33838 0 7.54948 3.3550 2 2 
395 44.666354 10.935281 0.71682 4 0.55814 11.9808 0 0.97351 9.3325 3 1 
396 44.640826 10.908093 1.26791 1 3.04286 21.33838 0 7.54948 3.3550 2 2 
397 44.646686 10.932939 2.18337 3 2.86092 12.87719 0 9.76457 7.3525 1 2 
398 44.617017 10.932033 2.18337 3 2.86092 12.87719 0 9.76457 7.3525 1 2 
399 44.639138 10.915636 6.17007 1 7.85673 37.57603 0 6.59389 3.7975 4 4 
400 44.635558 10.907146 1.26791 1 3.04286 21.33838 0 7.54948 3.3550 2 2 
401 44.607556 10.860359 0.71682 4 0.55814 11.9808 0 0.97351 9.3325 3 1 
402 44.642117 10.964191 1.61198 2 1.87511 14.73976 0 4.65248 5.3325 5 1 
403 44.632002 10.951581 2.18337 3 2.86092 12.87719 0 9.76457 7.3525 1 2 
404 44.659502 10.901343 0.71682 4 0.55814 11.9808 0 0.97351 9.3325 3 1 
405 44.628163 10.893693 0.71682 4 0.55814 11.9808 0 0.97351 9.3325 3 1 
406 44.643637 10.929737 2.18337 3 2.86092 12.87719 0 9.76457 7.3525 1 2 
407 44.636492 10.962648 6.17007 1 7.85673 37.57603 0 6.59389 3.7975 4 4 
408 44.613852 10.887416 1.26791 1 3.04286 21.33838 0 7.54948 3.3550 2 2 
409 44.621478 10.909658 0.71682 4 0.55814 11.9808 0 0.97351 9.3325 3 1 
410 44.688915 10.919713 0.71682 4 0.55814 11.9808 0 0.97351 9.3325 3 1 
411 44.633327 10.936376 1.61198 2 1.87511 14.73976 0 4.65248 5.3325 5 1 
412 44.638130 10.973288 6.17007 1 7.85673 37.57603 0 6.59389 3.7975 4 4 
413 44.550152 10.924810 1.26791 1 3.04286 21.33838 0 7.54948 3.3550 2 2 
414 44.629734 10.970472 1.26791 1 3.04286 21.33838 0 7.54948 3.3550 2 2 
415 44.645031 10.901825 1.61198 2 1.87511 14.73976 0 4.65248 5.3325 5 1 
416 44.648266 10.909767 1.61198 2 1.87511 14.73976 0 4.65248 5.3325 5 1 
417 44.600149 10.860586 0.71682 4 0.55814 11.9808 0 0.97351 9.3325 3 1 
418 44.682634 10.907414 1.61198 2 1.87511 14.73976 0 4.65248 5.3325 5 1 
419 44.667966 10.937350 2.18337 3 2.86092 12.87719 0 9.76457 7.3525 1 2 
420 44.640096 10.893330 2.18337 3 2.86092 12.87719 0 9.76457 7.3525 1 2 
421 44.674861 10.930522 2.18337 3 2.86092 12.87719 0 9.76457 7.3525 1 2 
422 44.630848 10.935448 1.26791 1 3.04286 21.33838 0 7.54948 3.3550 2 2 
423 44.618136 10.924923 1.61198 2 1.87511 14.73976 0 4.65248 5.3325 5 1 
424 44.535869 11.016590 6.17007 1 7.85673 37.57603 0 6.59389 3.7975 4 4 
425 44.640107 10.896095 6.17007 1 7.85673 37.57603 0 6.59389 3.7975 4 4 
426 44.645950 10.911430 1.26791 1 3.04286 21.33838 0 7.54948 3.3550 2 2 
427 44.640469 10.917892 2.18337 3 2.86092 12.87719 0 9.76457 7.3525 1 2 
428 44.655157 10.937415 2.18337 3 2.86092 12.87719 0 9.76457 7.3525 1 2 
429 44.646366 10.925770 6.17007 1 7.85673 37.57603 0 6.59389 3.7975 4 4 
430 44.621911 10.937752 6.17007 1 7.85673 37.57603 0 6.59389 3.7975 4 4 
431 44.660610 10.899717 1.61198 2 1.87511 14.73976 0 4.65248 5.3325 5 1 
432 44.531849 10.880748 0.71682 4 0.55814 11.9808 0 0.97351 9.3325 3 1 
433 44.626765 10.930694 1.26791 1 3.04286 21.33838 0 7.54948 3.3550 2 2 
434 44.631483 10.966768 2.18337 3 2.86092 12.87719 0 9.76457 7.3525 1 2 
435 44.704346 10.900756 1.61198 2 1.87511 14.73976 0 4.65248 5.3325 5 1 
436 44.646765 10.924365 6.17007 1 7.85673 37.57603 0 6.59389 3.7975 4 4 
437 44.630983 10.937609 2.18337 3 2.86092 12.87719 0 9.76457 7.3525 1 2 
438 44.586021 10.915017 0.71682 4 0.55814 11.9808 0 0.97351 9.3325 3 1 
439 44.640641 10.966316 2.18337 3 2.86092 12.87719 0 9.76457 7.3525 1 2 
440 44.635559 10.948633 6.17007 1 7.85673 37.57603 0 6.59389 3.7975 4 4 
441 44.634962 10.908556 2.18337 3 2.86092 12.87719 0 9.76457 7.3525 1 2 
442 44.604387 10.968903 1.61198 2 1.87511 14.73976 0 4.65248 5.3325 5 1 
443 44.655253 10.886457 1.26791 1 3.04286 21.33838 0 7.54948 3.3550 2 2 
444 44.654995 10.877398 0.71682 4 0.55814 11.9808 0 0.97351 9.3325 3 1 
445 44.622545 10.929545 1.61198 2 1.87511 14.73976 0 4.65248 5.3325 5 1 
446 44.637842 10.935338 6.17007 1 7.85673 37.57603 0 6.59389 3.7975 4 4 
447 44.627633 10.896664 2.18337 3 2.86092 12.87719 0 9.76457 7.3525 1 2 
448 44.633814 10.918435 0.71682 4 0.55814 11.9808 0 0.97351 9.3325 3 1 
449 44.616335 10.927542 2.18337 3 2.86092 12.87719 0 9.76457 7.3525 1 2 
450 44.629529 10.963538 2.18337 3 2.86092 12.87719 0 9.76457 7.3525 1 2 
451 44.622417 10.916021 2.18337 3 2.86092 12.87719 0 9.76457 7.3525 1 2 
452 44.670082 10.869722 1.61198 2 1.87511 14.73976 0 4.65248 5.3325 5 1 
453 44.637409 10.949981 2.18337 3 2.86092 12.87719 0 9.76457 7.3525 1 2 
454 44.643647 10.916386 6.17007 1 7.85673 37.57603 0 6.59389 3.7975 4 4 
455 44.628547 10.911876 6.17007 1 7.85673 37.57603 0 6.59389 3.7975 4 4 
456 44.672752 10.933463 1.26791 1 3.04286 21.33838 0 7.54948 3.3550 2 2 
457 44.656381 10.903127 6.17007 1 7.85673 37.57603 0 6.59389 3.7975 4 4 
458 44.635731 10.871516 6.17007 1 7.85673 37.57603 0 6.59389 3.7975 4 4 
459 44.633656 10.899052 1.26791 1 3.04286 21.33838 0 7.54948 3.3550 2 2 
460 44.634192 10.925248 6.17007 1 7.85673 37.57603 0 6.59389 3.7975 4 4 
461 44.637533 10.913619 6.17007 1 7.85673 37.57603 0 6.59389 3.7975 4 4 
462 44.546610 10.777632 0.71682 4 0.55814 11.9808 0 0.97351 9.3325 3 1 
463 44.646067 10.852251 1.26791 1 3.04286 21.33838 0 7.54948 3.3550 2 2 
464 44.638342 10.917931 6.17007 1 7.85673 37.57603 0 6.59389 3.7975 4 4 
465 44.656173 10.914561 0.71682 4 0.55814 11.9808 0 0.97351 9.3325 3 1 
466 44.644588 10.887783 1.26791 1 3.04286 21.33838 0 7.54948 3.3550 2 2 
467 44.652093 10.934599 2.18337 3 2.86092 12.87719 0 9.76457 7.3525 1 2 
468 44.530956 11.015722 2.18337 3 2.86092 12.87719 0 9.76457 7.3525 1 2 
469 44.892099 10.901418 1.61198 2 1.87511 14.73976 0 4.65248 5.3325 5 1 
470 44.651885 10.958244 6.17007 1 7.85673 37.57603 0 6.59389 3.7975 4 4 
471 44.635382 10.969646 1.26791 1 3.04286 21.33838 0 7.54948 3.3550 2 2 
472 44.536802 10.813365 1.26791 1 3.04286 21.33838 0 7.54948 3.3550 2 2 
473 44.631068 10.898911 0.71682 4 0.55814 11.9808 0 0.97351 9.3325 3 1 
474 44.651327 10.928222 2.18337 3 2.86092 12.87719 0 9.76457 7.3525 1 2 
475 44.886839 10.897389 2.18337 3 2.86092 12.87719 0 9.76457 7.3525 1 2 
476 44.624830 10.928146 6.17007 1 7.85673 37.57603 0 6.59389 3.7975 4 4 
477 44.629643 10.916028 6.17007 1 7.85673 37.57603 0 6.59389 3.7975 4 4 
478 44.654330 10.948790 1.26791 1 3.04286 21.33838 0 7.54948 3.3550 2 2 
479 44.653782 10.945181 1.26791 1 3.04286 21.33838 0 7.54948 3.3550 2 2 
480 44.653465 10.944126 0.71682 4 0.55814 11.9808 0 0.97351 9.3325 3 1 
481 44.654201 10.951187 0.71682 4 0.55814 11.9808 0 0.97351 9.3325 3 1 
482 44.654849 10.949426 0.71682 4 0.55814 11.9808 0 0.97351 9.3325 3 1 
483 44.654398 10.947156 1.61198 2 1.87511 14.73976 0 4.65248 5.3325 5 1 
484 44.640670 10.907158 1.26791 1 3.04286 21.33838 0 7.54948 3.3550 2 2 
485 44.665326 10.913667 1.26791 1 3.04286 21.33838 0 7.54948 3.3550 2 2 
486 44.640473 10.964498 0.71682 4 0.55814 11.9808 0 0.97351 9.3325 3 1 
487 44.647484 10.922107 2.18337 3 2.86092 12.87719 0 9.76457 7.3525 1 2 
488 44.653930 10.912998 0.71682 4 0.55814 11.9808 0 0.97351 9.3325 3 1 
489 44.624450 10.904349 0.71682 4 0.55814 11.9808 0 0.97351 9.3325 3 1 
490 44.658350 10.860539 6.17007 1 7.85673 37.57603 0 6.59389 3.7975 4 4 
491 44.507861 10.945151 6.17007 1 7.85673 37.57603 0 6.59389 3.7975 4 4 
492 44.641659 10.951828 6.17007 1 7.85673 37.57603 0 6.59389 3.7975 4 4 
493 44.603461 10.870396 1.26791 1 3.04286 21.33838 0 7.54948 3.3550 2 2 
494 44.579629 10.939832 0.71682 4 0.55814 11.9808 0 0.97351 9.3325 3 1 
495 44.524906 10.857139 1.61198 2 1.87511 14.73976 0 4.65248 5.3325 5 1 
496 44.649623 10.798980 2.18337 3 2.86092 12.87719 0 9.76457 7.3525 1 2 
497 44.637760 10.919078 6.17007 1 7.85673 37.57603 0 6.59389 3.7975 4 4 
498 44.642570 10.928215 0.71682 4 0.55814 11.9808 0 0.97351 9.3325 3 1 
499 44.615566 10.975004 2.18337 3 2.86092 12.87719 0 9.76457 7.3525 1 2 
500 44.625435 10.892523 1.61198 2 1.87511 14.73976 0 4.65248 5.3325 5 1 
501 44.638616 10.911739 2.18337 3 2.86092 12.87719 0 9.76457 7.3525 1 2 
502 44.622446 10.921893 1.61198 2 1.87511 14.73976 0 4.65248 5.3325 5 1 
503 44.647725 10.924663 6.17007 1 7.85673 37.57603 0 6.59389 3.7975 4 4 
504 44.644793 10.908556 6.17007 1 7.85673 37.57603 0 6.59389 3.7975 4 4 
505 44.625318 10.894154 1.61198 2 1.87511 14.73976 0 4.65248 5.3325 5 1 
506 44.646696 10.927112 1.26791 1 3.04286 21.33838 0 7.54948 3.3550 2 2 
507 44.891514 10.899811 0.71682 4 0.55814 11.9808 0 0.97351 9.3325 3 1 
508 44.640218 10.913038 0.71682 4 0.55814 11.9808 0 0.97351 9.3325 3 1 
509 44.632760 10.917931 2.18337 3 2.86092 12.87719 0 9.76457 7.3525 1 2 
510 44.652105 10.941882 1.61198 2 1.87511 14.73976 0 4.65248 5.3325 5 1 
511 44.654835 10.887203 1.61198 2 1.87511 14.73976 0 4.65248 5.3325 5 1 
512 44.659414 10.936595 0.71682 4 0.55814 11.9808 0 0.97351 9.3325 3 1 
513 44.630996 10.897647 6.17007 1 7.85673 37.57603 0 6.59389 3.7975 4 4 
514 44.633135 10.924720 6.17007 1 7.85673 37.57603 0 6.59389 3.7975 4 4 
515 44.751810 11.005553 2.18337 3 2.86092 12.87719 0 9.76457 7.3525 1 2 
516 44.659561 10.943448 0.71682 4 0.55814 11.9808 0 0.97351 9.3325 3 1 
517 44.571586 10.856023 6.17007 1 7.85673 37.57603 0 6.59389 3.7975 4 4 
518 44.674959 11.031031 1.61198 2 1.87511 14.73976 0 4.65248 5.3325 5 1 
519 44.634734 10.947882 0.71682 4 0.55814 11.9808 0 0.97351 9.3325 3 1 
520 44.644686 10.950389 6.17007 1 7.85673 37.57603 0 6.59389 3.7975 4 4 
521 44.690952 10.840938 1.61198 2 1.87511 14.73976 0 4.65248 5.3325 5 1 
522 44.647459 10.934743 1.26791 1 3.04286 21.33838 0 7.54948 3.3550 2 2 
523 44.584341 11.078741 0.71682 4 0.55814 11.9808 0 0.97351 9.3325 3 1 
524 44.646008 10.928593 2.18337 3 2.86092 12.87719 0 9.76457 7.3525 1 2 
525 44.686200 10.917084 1.26791 1 3.04286 21.33838 0 7.54948 3.3550 2 2 
526 44.650243 10.919688 1.26791 1 3.04286 21.33838 0 7.54948 3.3550 2 2 
527 44.565545 11.036248 1.26791 1 3.04286 21.33838 0 7.54948 3.3550 2 2 
528 44.626318 10.945224 0.71682 4 0.55814 11.9808 0 0.97351 9.3325 3 1 
529 44.644731 10.926218 1.26791 1 3.04286 21.33838 0 7.54948 3.3550 2 2 
530 44.625819 10.942849 0.71682 4 0.55814 11.9808 0 0.97351 9.3325 3 1 
531 44.666505 10.912130 0.71682 4 0.55814 11.9808 0 0.97351 9.3325 3 1 
532 44.629155 10.922538 1.26791 1 3.04286 21.33838 0 7.54948 3.3550 2 2 
533 44.629951 10.918383 1.61198 2 1.87511 14.73976 0 4.65248 5.3325 5 1 
534 44.838341 11.304238 1.26791 1 3.04286 21.33838 0 7.54948 3.3550 2 2 
535 44.624814 10.937688 2.18337 3 2.86092 12.87719 0 9.76457 7.3525 1 2 
536 44.610197 10.870414 1.26791 1 3.04286 21.33838 0 7.54948 3.3550 2 2 
537 44.648444 10.925599 2.18337 3 2.86092 12.87719 0 9.76457 7.3525 1 2 
538 44.575950 10.836631 2.18337 3 2.86092 12.87719 0 9.76457 7.3525 1 2 
539 44.841945 10.959503 1.26791 1 3.04286 21.33838 0 7.54948 3.3550 2 2 
540 44.655970 10.949777 1.26791 1 3.04286 21.33838 0 7.54948 3.3550 2 2 
541 44.625200 10.925519 2.18337 3 2.86092 12.87719 0 9.76457 7.3525 1 2 
542 44.647604 10.943819 1.61198 2 1.87511 14.73976 0 4.65248 5.3325 5 1 
543 44.627114 10.948538 1.26791 1 3.04286 21.33838 0 7.54948 3.3550 2 2 
544 44.713931 10.913336 0.71682 4 0.55814 11.9808 0 0.97351 9.3325 3 1 
545 44.648309 10.920084 6.17007 1 7.85673 37.57603 0 6.59389 3.7975 4 4 
546 44.649160 10.923931 0.71682 4 0.55814 11.9808 0 0.97351 9.3325 3 1 
547 44.644287 10.912538 6.17007 1 7.85673 37.57603 0 6.59389 3.7975 4 4 
548 44.623788 10.933311 1.26791 1 3.04286 21.33838 0 7.54948 3.3550 2 2 
549 44.628905 10.919377 1.26791 1 3.04286 21.33838 0 7.54948 3.3550 2 2 
550 44.668482 10.864839 1.26791 1 3.04286 21.33838 0 7.54948 3.3550 2 2 
551 44.652706 10.934439 0.71682 4 0.55814 11.9808 0 0.97351 9.3325 3 1 
552 44.689984 10.974721 0.71682 4 0.55814 11.9808 0 0.97351 9.3325 3 1 
553 44.631652 10.919490 0.71682 4 0.55814 11.9808 0 0.97351 9.3325 3 1 
554 44.641933 10.922145 0.71682 4 0.55814 11.9808 0 0.97351 9.3325 3 1 
555 44.644802 10.921053 2.18337 3 2.86092 12.87719 0 9.76457 7.3525 1 2 
556 44.650803 10.935173 1.26791 1 3.04286 21.33838 0 7.54948 3.3550 2 2 
557 44.644858 10.933528 1.26791 1 3.04286 21.33838 0 7.54948 3.3550 2 2 
558 44.595437 10.913058 0.71682 4 0.55814 11.9808 0 0.97351 9.3325 3 1 
559 44.674005 10.899461 1.26791 1 3.04286 21.33838 0 7.54948 3.3550 2 2 
560 44.654404 10.887294 2.18337 3 2.86092 12.87719 0 9.76457 7.3525 1 2 
561 44.635745 10.896464 2.18337 3 2.86092 12.87719 0 9.76457 7.3525 1 2 
562 44.644342 10.895220 0.71682 4 0.55814 11.9808 0 0.97351 9.3325 3 1 
563 44.653058 10.916925 6.17007 1 7.85673 37.57603 0 6.59389 3.7975 4 4 
564 44.644947 10.912165 6.17007 1 7.85673 37.57603 0 6.59389 3.7975 4 4 
565 44.636209 10.909265 1.61198 2 1.87511 14.73976 0 4.65248 5.3325 5 1 
566 44.644835 10.896816 0.71682 4 0.55814 11.9808 0 0.97351 9.3325 3 1 
567 44.721629 10.891531 0.71682 4 0.55814 11.9808 0 0.97351 9.3325 3 1 
568 44.655561 10.948998 1.26791 1 3.04286 21.33838 0 7.54948 3.3550 2 2 
569 44.539518 10.898830 1.26791 1 3.04286 21.33838 0 7.54948 3.3550 2 2 
570 44.645375 10.817861 2.18337 3 2.86092 12.87719 0 9.76457 7.3525 1 2 
571 44.533598 11.025887 1.61198 2 1.87511 14.73976 0 4.65248 5.3325 5 1 
572 44.633063 10.944185 6.17007 1 7.85673 37.57603 0 6.59389 3.7975 4 4 
573 44.674281 10.935397 6.17007 1 7.85673 37.57603 0 6.59389 3.7975 4 4 
574 44.685044 10.895386 0.71682 4 0.55814 11.9808 0 0.97351 9.3325 3 1 
575 44.636382 10.872374 0.71682 4 0.55814 11.9808 0 0.97351 9.3325 3 1 
576 44.649192 10.858874 1.26791 1 3.04286 21.33838 0 7.54948 3.3550 2 2 
577 44.632036 10.935185 2.18337 3 2.86092 12.87719 0 9.76457 7.3525 1 2 
578 44.601649 10.973504 2.18337 3 2.86092 12.87719 0 9.76457 7.3525 1 2 
579 44.620079 10.942159 2.18337 3 2.86092 12.87719 0 9.76457 7.3525 1 2 
580 44.599109 10.928830 1.26791 1 3.04286 21.33838 0 7.54948 3.3550 2 2 
581 44.620861 10.851413 2.18337 3 2.86092 12.87719 0 9.76457 7.3525 1 2 
582 44.650766 10.895095 1.61198 2 1.87511 14.73976 0 4.65248 5.3325 5 1 
583 44.603971 10.971484 0.71682 4 0.55814 11.9808 0 0.97351 9.3325 3 1 
584 44.651590 10.914133 2.18337 3 2.86092 12.87719 0 9.76457 7.3525 1 2 
585 44.646211 10.926659 1.26791 1 3.04286 21.33838 0 7.54948 3.3550 2 2 
586 44.647784 10.941944 0.71682 4 0.55814 11.9808 0 0.97351 9.3325 3 1 
587 44.246237 10.716472 1.61198 2 1.87511 14.73976 0 4.65248 5.3325 5 1 
588 44.645431 10.943449 1.61198 2 1.87511 14.73976 0 4.65248 5.3325 5 1 
589 44.634389 10.923058 6.17007 1 7.85673 37.57603 0 6.59389 3.7975 4 4 
590 44.618797 10.909824 0.71682 4 0.55814 11.9808 0 0.97351 9.3325 3 1 
591 44.645544 10.911004 1.26791 1 3.04286 21.33838 0 7.54948 3.3550 2 2 
592 44.591132 10.949554 1.26791 1 3.04286 21.33838 0 7.54948 3.3550 2 2 
593 44.635645 10.923698 6.17007 1 7.85673 37.57603 0 6.59389 3.7975 4 4 
594 44.639693 10.952252 2.18337 3 2.86092 12.87719 0 9.76457 7.3525 1 2 
595 44.659528 10.968969 1.26791 1 3.04286 21.33838 0 7.54948 3.3550 2 2 
596 44.579093 10.852981 6.17007 1 7.85673 37.57603 0 6.59389 3.7975 4 4 
597 44.630195 10.925437 0.71682 4 0.55814 11.9808 0 0.97351 9.3325 3 1 
598 44.834270 11.140909 6.17007 1 7.85673 37.57603 0 6.59389 3.7975 4 4 
599 44.639162 10.950306 6.17007 1 7.85673 37.57603 0 6.59389 3.7975 4 4 
600 44.659129 10.901203 1.61198 2 1.87511 14.73976 0 4.65248 5.3325 5 1 