650 lat long pcc pcn mem st bw sd cost service task
1 44.625262 10.893088 2.18337 3 2.86092 12.87719 0 9.76457 7.3525 1 2 
2 44.647793 10.930327 1.61198 2 1.87511 14.73976 0 4.65248 5.3325 5 1 
3 44.656694 10.898991 6.17007 1 7.85673 37.57603 0 6.59389 3.7975 4 4 
4 44.690933 10.969304 1.26791 1 3.04286 21.33838 0 7.54948 3.3550 2 2 
5 44.645649 10.921296 1.61198 2 1.87511 14.73976 0 4.65248 5.3325 5 1 
6 44.633450 10.924301 1.26791 1 3.04286 21.33838 0 7.54948 3.3550 2 2 
7 44.642667 10.928747 6.17007 1 7.85673 37.57603 0 6.59389 3.7975 4 4 
8 44.628245 10.808032 0.71682 4 0.55814 11.9808 0 0.97351 9.3325 3 1 
9 44.602418 10.919662 6.17007 1 7.85673 37.57603 0 6.59389 3.7975 4 4 
10 44.645322 10.916054 1.26791 1 3.04286 21.33838 0 7.54948 3.3550 2 2 
11 44.849179 11.069823 1.61198 2 1.87511 14.73976 0 4.65248 5.3325 5 1 
12 44.638755 10.897222 0.71682 4 0.55814 11.9808 0 0.97351 9.3325 3 1 
13 44.620737 10.980565 2.18337 3 2.86092 12.87719 0 9.76457 7.3525 1 2 
14 44.644635 10.842004 1.61198 2 1.87511 14.73976 0 4.65248 5.3325 5 1 
15 44.627010 10.940864 6.17007 1 7.85673 37.57603 0 6.59389 3.7975 4 4 
16 44.644637 10.929353 2.18337 3 2.86092 12.87719 0 9.76457 7.3525 1 2 
17 44.589114 10.858776 2.18337 3 2.86092 12.87719 0 9.76457 7.3525 1 2 
18 44.726452 10.910250 1.61198 2 1.87511 14.73976 0 4.65248 5.3325 5 1 
19 44.689813 10.913941 6.17007 1 7.85673 37.57603 0 6.59389 3.7975 4 4 
20 44.628634 10.939588 1.61198 2 1.87511 14.73976 0 4.65248 5.3325 5 1 
21 44.675540 11.041978 6.17007 1 7.85673 37.57603 0 6.59389 3.7975 4 4 
22 44.661676 10.923367 2.18337 3 2.86092 12.87719 0 9.76457 7.3525 1 2 
23 44.286752 10.672077 1.26791 1 3.04286 21.33838 0 7.54948 3.3550 2 2 
24 44.651896 10.917380 1.26791 1 3.04286 21.33838 0 7.54948 3.3550 2 2 
25 44.635734 10.947216 0.71682 4 0.55814 11.9808 0 0.97351 9.3325 3 1 
26 44.571934 10.844666 1.26791 1 3.04286 21.33838 0 7.54948 3.3550 2 2 
27 44.646774 10.921880 1.26791 1 3.04286 21.33838 0 7.54948 3.3550 2 2 
28 44.600704 10.973442 1.26791 1 3.04286 21.33838 0 7.54948 3.3550 2 2 
29 44.657643 10.949641 1.61198 2 1.87511 14.73976 0 4.65248 5.3325 5 1 
30 44.628446 10.914559 2.18337 3 2.86092 12.87719 0 9.76457 7.3525 1 2 
31 44.656930 10.898282 0.71682 4 0.55814 11.9808 0 0.97351 9.3325 3 1 
32 44.662918 10.925206 6.17007 1 7.85673 37.57603 0 6.59389 3.7975 4 4 
33 44.748232 11.002663 1.26791 1 3.04286 21.33838 0 7.54948 3.3550 2 2 
34 44.630666 10.909429 0.71682 4 0.55814 11.9808 0 0.97351 9.3325 3 1 
35 44.641209 10.921766 2.18337 3 2.86092 12.87719 0 9.76457 7.3525 1 2 
36 44.656308 10.896589 2.18337 3 2.86092 12.87719 0 9.76457 7.3525 1 2 
37 44.629226 10.927507 2.18337 3 2.86092 12.87719 0 9.76457 7.3525 1 2 
38 44.661147 10.927231 1.61198 2 1.87511 14.73976 0 4.65248 5.3325 5 1 
39 44.666572 10.892736 0.71682 4 0.55814 11.9808 0 0.97351 9.3325 3 1 
40 44.662543 10.890877 6.17007 1 7.85673 37.57603 0 6.59389 3.7975 4 4 
41 44.643496 10.945125 0.71682 4 0.55814 11.9808 0 0.97351 9.3325 3 1 
42 44.595485 11.035603 1.26791 1 3.04286 21.33838 0 7.54948 3.3550 2 2 
43 44.575189 10.919481 1.26791 1 3.04286 21.33838 0 7.54948 3.3550 2 2 
44 44.635463 10.907084 6.17007 1 7.85673 37.57603 0 6.59389 3.7975 4 4 
45 44.624635 10.940973 2.18337 3 2.86092 12.87719 0 9.76457 7.3525 1 2 
46 44.624822 10.945836 1.61198 2 1.87511 14.73976 0 4.65248 5.3325 5 1 
47 44.638496 10.856699 0.71682 4 0.55814 11.9808 0 0.97351 9.3325 3 1 
48 44.634172 10.924156 2.18337 3 2.86092 12.87719 0 9.76457 7.3525 1 2 
49 44.632706 10.948055 1.61198 2 1.87511 14.73976 0 4.65248 5.3325 5 1 
50 44.639347 10.930972 2.18337 3 2.86092 12.87719 0 9.76457 7.3525 1 2 
51 44.623001 10.924100 6.17007 1 7.85673 37.57603 0 6.59389 3.7975 4 4 
52 44.610405 10.920063 1.61198 2 1.87511 14.73976 0 4.65248 5.3325 5 1 
53 44.536086 10.820911 2.18337 3 2.86092 12.87719 0 9.76457 7.3525 1 2 
54 44.643508 10.886377 0.71682 4 0.55814 11.9808 0 0.97351 9.3325 3 1 
55 44.642992 10.964084 1.61198 2 1.87511 14.73976 0 4.65248 5.3325 5 1 
56 44.632606 10.952201 2.18337 3 2.86092 12.87719 0 9.76457 7.3525 1 2 
57 44.612079 10.911914 1.61198 2 1.87511 14.73976 0 4.65248 5.3325 5 1 
58 44.626869 10.925723 6.17007 1 7.85673 37.57603 0 6.59389 3.7975 4 4 
59 44.343638 10.729244 1.61198 2 1.87511 14.73976 0 4.65248 5.3325 5 1 
60 44.884381 11.060460 1.26791 1 3.04286 21.33838 0 7.54948 3.3550 2 2 
61 44.655157 10.937415 0.71682 4 0.55814 11.9808 0 0.97351 9.3325 3 1 
62 44.656471 10.939548 6.17007 1 7.85673 37.57603 0 6.59389 3.7975 4 4 
63 44.654059 10.906719 1.61198 2 1.87511 14.73976 0 4.65248 5.3325 5 1 
64 44.633658 10.900076 1.61198 2 1.87511 14.73976 0 4.65248 5.3325 5 1 
65 44.641038 10.891075 6.17007 1 7.85673 37.57603 0 6.59389 3.7975 4 4 
66 44.636720 10.901462 6.17007 1 7.85673 37.57603 0 6.59389 3.7975 4 4 
67 44.601834 10.957643 6.17007 1 7.85673 37.57603 0 6.59389 3.7975 4 4 
68 44.650462 10.919184 1.61198 2 1.87511 14.73976 0 4.65248 5.3325 5 1 
69 44.637160 10.934742 1.61198 2 1.87511 14.73976 0 4.65248 5.3325 5 1 
70 44.619716 10.928593 2.18337 3 2.86092 12.87719 0 9.76457 7.3525 1 2 
71 44.641515 10.891953 2.18337 3 2.86092 12.87719 0 9.76457 7.3525 1 2 
72 44.647080 10.923876 1.61198 2 1.87511 14.73976 0 4.65248 5.3325 5 1 
73 44.609558 10.850379 2.18337 3 2.86092 12.87719 0 9.76457 7.3525 1 2 
74 44.660988 10.921575 1.26791 1 3.04286 21.33838 0 7.54948 3.3550 2 2 
75 44.645148 10.888136 6.17007 1 7.85673 37.57603 0 6.59389 3.7975 4 4 
76 44.631655 10.971580 0.71682 4 0.55814 11.9808 0 0.97351 9.3325 3 1 
77 44.626914 10.907268 0.71682 4 0.55814 11.9808 0 0.97351 9.3325 3 1 
78 44.639521 10.911066 6.17007 1 7.85673 37.57603 0 6.59389 3.7975 4 4 
79 44.630800 10.902486 0.71682 4 0.55814 11.9808 0 0.97351 9.3325 3 1 
80 44.688568 10.916532 1.26791 1 3.04286 21.33838 0 7.54948 3.3550 2 2 
81 44.580411 10.983637 0.71682 4 0.55814 11.9808 0 0.97351 9.3325 3 1 
82 44.671741 10.866392 6.17007 1 7.85673 37.57603 0 6.59389 3.7975 4 4 
83 44.641915 10.915624 0.71682 4 0.55814 11.9808 0 0.97351 9.3325 3 1 
84 44.657931 10.878713 1.26791 1 3.04286 21.33838 0 7.54948 3.3550 2 2 
85 44.645113 10.907136 0.71682 4 0.55814 11.9808 0 0.97351 9.3325 3 1 
86 44.683176 10.896164 1.26791 1 3.04286 21.33838 0 7.54948 3.3550 2 2 
87 44.630498 10.947769 0.71682 4 0.55814 11.9808 0 0.97351 9.3325 3 1 
88 44.649044 10.900630 0.71682 4 0.55814 11.9808 0 0.97351 9.3325 3 1 
89 44.666557 10.913467 6.17007 1 7.85673 37.57603 0 6.59389 3.7975 4 4 
90 44.627757 10.918063 1.61198 2 1.87511 14.73976 0 4.65248 5.3325 5 1 
91 44.699421 10.885404 1.26791 1 3.04286 21.33838 0 7.54948 3.3550 2 2 
92 44.602478 10.860014 0.71682 4 0.55814 11.9808 0 0.97351 9.3325 3 1 
93 44.685449 10.966954 1.26791 1 3.04286 21.33838 0 7.54948 3.3550 2 2 
94 44.639332 10.962251 6.17007 1 7.85673 37.57603 0 6.59389 3.7975 4 4 
95 44.641242 10.890510 1.61198 2 1.87511 14.73976 0 4.65248 5.3325 5 1 
96 44.659737 10.895949 0.71682 4 0.55814 11.9808 0 0.97351 9.3325 3 1 
97 44.649479 10.938563 2.18337 3 2.86092 12.87719 0 9.76457 7.3525 1 2 
98 44.580008 10.911161 6.17007 1 7.85673 37.57603 0 6.59389 3.7975 4 4 
99 44.649247 10.926936 1.26791 1 3.04286 21.33838 0 7.54948 3.3550 2 2 
100 44.628713 10.922815 1.61198 2 1.87511 14.73976 0 4.65248 5.3325 5 1 
101 44.657407 10.904793 1.26791 1 3.04286 21.33838 0 7.54948 3.3550 2 2 
102 44.636245 10.926057 1.61198 2 1.87511 14.73976 0 4.65248 5.3325 5 1 
103 44.644122 10.942273 0.71682 4 0.55814 11.9808 0 0.97351 9.3325 3 1 
104 44.636749 10.932037 1.26791 1 3.04286 21.33838 0 7.54948 3.3550 2 2 
105 44.634459 10.925545 1.26791 1 3.04286 21.33838 0 7.54948 3.3550 2 2 
106 44.634426 10.871266 6.17007 1 7.85673 37.57603 0 6.59389 3.7975 4 4 
107 44.662602 10.898617 1.61198 2 1.87511 14.73976 0 4.65248 5.3325 5 1 
108 44.789957 10.875245 6.17007 1 7.85673 37.57603 0 6.59389 3.7975 4 4 
109 44.658793 10.904980 2.18337 3 2.86092 12.87719 0 9.76457 7.3525 1 2 
110 44.632273 10.868276 6.17007 1 7.85673 37.57603 0 6.59389 3.7975 4 4 
111 44.649407 10.921292 1.61198 2 1.87511 14.73976 0 4.65248 5.3325 5 1 
112 44.625274 10.929279 1.26791 1 3.04286 21.33838 0 7.54948 3.3550 2 2 
113 44.656379 10.890524 6.17007 1 7.85673 37.57603 0 6.59389 3.7975 4 4 
114 44.475185 10.991325 0.71682 4 0.55814 11.9808 0 0.97351 9.3325 3 1 
115 44.608459 10.978220 0.71682 4 0.55814 11.9808 0 0.97351 9.3325 3 1 
116 44.524855 10.860216 1.61198 2 1.87511 14.73976 0 4.65248 5.3325 5 1 
117 44.658118 10.932318 2.18337 3 2.86092 12.87719 0 9.76457 7.3525 1 2 
118 44.679634 10.946879 0.71682 4 0.55814 11.9808 0 0.97351 9.3325 3 1 
119 44.644888 10.922599 0.71682 4 0.55814 11.9808 0 0.97351 9.3325 3 1 
120 44.645348 10.917547 6.17007 1 7.85673 37.57603 0 6.59389 3.7975 4 4 
121 44.633436 10.903916 0.71682 4 0.55814 11.9808 0 0.97351 9.3325 3 1 
122 44.655713 10.898435 6.17007 1 7.85673 37.57603 0 6.59389 3.7975 4 4 
123 44.649814 10.918457 6.17007 1 7.85673 37.57603 0 6.59389 3.7975 4 4 
124 44.639744 10.909265 1.26791 1 3.04286 21.33838 0 7.54948 3.3550 2 2 
125 44.587664 10.970517 1.61198 2 1.87511 14.73976 0 4.65248 5.3325 5 1 
126 44.625470 10.942371 2.18337 3 2.86092 12.87719 0 9.76457 7.3525 1 2 
127 44.652115 10.899743 1.61198 2 1.87511 14.73976 0 4.65248 5.3325 5 1 
128 44.633974 10.935704 1.26791 1 3.04286 21.33838 0 7.54948 3.3550 2 2 
129 44.620782 11.040734 1.61198 2 1.87511 14.73976 0 4.65248 5.3325 5 1 
130 44.642255 10.945016 1.61198 2 1.87511 14.73976 0 4.65248 5.3325 5 1 
131 44.647343 10.927732 6.17007 1 7.85673 37.57603 0 6.59389 3.7975 4 4 
132 44.629115 10.941370 1.61198 2 1.87511 14.73976 0 4.65248 5.3325 5 1 
133 44.877277 11.071046 0.71682 4 0.55814 11.9808 0 0.97351 9.3325 3 1 
134 44.643751 10.942125 0.71682 4 0.55814 11.9808 0 0.97351 9.3325 3 1 
135 44.882503 11.066729 2.18337 3 2.86092 12.87719 0 9.76457 7.3525 1 2 
136 44.660306 10.965302 1.26791 1 3.04286 21.33838 0 7.54948 3.3550 2 2 
137 44.676031 11.032249 2.18337 3 2.86092 12.87719 0 9.76457 7.3525 1 2 
138 44.689272 10.916227 1.26791 1 3.04286 21.33838 0 7.54948 3.3550 2 2 
139 44.629051 10.925539 1.26791 1 3.04286 21.33838 0 7.54948 3.3550 2 2 
140 44.647264 10.943387 6.17007 1 7.85673 37.57603 0 6.59389 3.7975 4 4 
141 44.612507 10.983511 0.71682 4 0.55814 11.9808 0 0.97351 9.3325 3 1 
142 44.652496 10.931752 0.71682 4 0.55814 11.9808 0 0.97351 9.3325 3 1 
143 44.645163 10.909004 6.17007 1 7.85673 37.57603 0 6.59389 3.7975 4 4 
144 44.651934 10.928912 6.17007 1 7.85673 37.57603 0 6.59389 3.7975 4 4 
145 44.638153 10.913149 2.18337 3 2.86092 12.87719 0 9.76457 7.3525 1 2 
146 44.640358 10.907456 1.61198 2 1.87511 14.73976 0 4.65248 5.3325 5 1 
147 44.649723 10.920020 0.71682 4 0.55814 11.9808 0 0.97351 9.3325 3 1 
148 44.652880 10.934645 1.61198 2 1.87511 14.73976 0 4.65248 5.3325 5 1 
149 44.637494 10.935028 2.18337 3 2.86092 12.87719 0 9.76457 7.3525 1 2 
150 44.635170 10.914836 2.18337 3 2.86092 12.87719 0 9.76457 7.3525 1 2 
151 44.632542 10.935307 0.71682 4 0.55814 11.9808 0 0.97351 9.3325 3 1 
152 44.687662 10.963423 1.26791 1 3.04286 21.33838 0 7.54948 3.3550 2 2 
153 44.623780 10.917712 0.71682 4 0.55814 11.9808 0 0.97351 9.3325 3 1 
154 44.629260 10.942703 1.26791 1 3.04286 21.33838 0 7.54948 3.3550 2 2 
155 44.622270 10.816410 2.18337 3 2.86092 12.87719 0 9.76457 7.3525 1 2 
156 44.638511 10.873769 6.17007 1 7.85673 37.57603 0 6.59389 3.7975 4 4 
157 44.625556 10.894379 2.18337 3 2.86092 12.87719 0 9.76457 7.3525 1 2 
158 44.836184 11.292578 1.26791 1 3.04286 21.33838 0 7.54948 3.3550 2 2 
159 44.641763 10.939536 0.71682 4 0.55814 11.9808 0 0.97351 9.3325 3 1 
160 44.695435 10.875618 0.71682 4 0.55814 11.9808 0 0.97351 9.3325 3 1 
161 44.639702 10.913418 1.61198 2 1.87511 14.73976 0 4.65248 5.3325 5 1 
162 44.594989 11.037887 6.17007 1 7.85673 37.57603 0 6.59389 3.7975 4 4 
163 44.659720 10.920255 2.18337 3 2.86092 12.87719 0 9.76457 7.3525 1 2 
164 44.668198 10.938464 2.18337 3 2.86092 12.87719 0 9.76457 7.3525 1 2 
165 44.650372 10.898436 6.17007 1 7.85673 37.57603 0 6.59389 3.7975 4 4 
166 44.632442 10.915098 0.71682 4 0.55814 11.9808 0 0.97351 9.3325 3 1 
167 44.651835 10.933512 1.61198 2 1.87511 14.73976 0 4.65248 5.3325 5 1 
168 44.636236 10.921261 1.61198 2 1.87511 14.73976 0 4.65248 5.3325 5 1 
169 44.509709 10.950041 6.17007 1 7.85673 37.57603 0 6.59389 3.7975 4 4 
170 44.893451 11.065997 1.26791 1 3.04286 21.33838 0 7.54948 3.3550 2 2 
171 44.641960 10.966249 1.26791 1 3.04286 21.33838 0 7.54948 3.3550 2 2 
172 44.630155 10.960969 1.26791 1 3.04286 21.33838 0 7.54948 3.3550 2 2 
173 44.678212 10.952872 0.71682 4 0.55814 11.9808 0 0.97351 9.3325 3 1 
174 44.650509 10.933601 1.61198 2 1.87511 14.73976 0 4.65248 5.3325 5 1 
175 44.628309 10.969620 2.18337 3 2.86092 12.87719 0 9.76457 7.3525 1 2 
176 44.881357 10.887794 2.18337 3 2.86092 12.87719 0 9.76457 7.3525 1 2 
177 44.709584 10.902220 1.26791 1 3.04286 21.33838 0 7.54948 3.3550 2 2 
178 44.632987 10.933990 0.71682 4 0.55814 11.9808 0 0.97351 9.3325 3 1 
179 44.638403 10.876708 1.61198 2 1.87511 14.73976 0 4.65248 5.3325 5 1 
180 44.655428 10.872448 1.61198 2 1.87511 14.73976 0 4.65248 5.3325 5 1 
181 44.612217 10.909517 1.26791 1 3.04286 21.33838 0 7.54948 3.3550 2 2 
182 44.623009 10.948569 1.26791 1 3.04286 21.33838 0 7.54948 3.3550 2 2 
183 44.678060 10.893056 6.17007 1 7.85673 37.57603 0 6.59389 3.7975 4 4 
184 44.675135 10.959429 0.71682 4 0.55814 11.9808 0 0.97351 9.3325 3 1 
185 44.645191 10.923256 2.18337 3 2.86092 12.87719 0 9.76457 7.3525 1 2 
186 44.645161 10.928992 6.17007 1 7.85673 37.57603 0 6.59389 3.7975 4 4 
187 44.643934 10.929792 0.71682 4 0.55814 11.9808 0 0.97351 9.3325 3 1 
188 44.661620 10.892461 6.17007 1 7.85673 37.57603 0 6.59389 3.7975 4 4 
189 44.643031 10.934915 1.61198 2 1.87511 14.73976 0 4.65248 5.3325 5 1 
190 44.662142 10.929289 2.18337 3 2.86092 12.87719 0 9.76457 7.3525 1 2 
191 44.628160 10.892855 1.26791 1 3.04286 21.33838 0 7.54948 3.3550 2 2 
192 44.657913 10.903107 1.26791 1 3.04286 21.33838 0 7.54948 3.3550 2 2 
193 44.632230 10.947447 0.71682 4 0.55814 11.9808 0 0.97351 9.3325 3 1 
194 44.668256 10.930643 2.18337 3 2.86092 12.87719 0 9.76457 7.3525 1 2 
195 44.645819 10.930726 6.17007 1 7.85673 37.57603 0 6.59389 3.7975 4 4 
196 44.530257 11.019961 1.61198 2 1.87511 14.73976 0 4.65248 5.3325 5 1 
197 44.646381 10.918656 1.61198 2 1.87511 14.73976 0 4.65248 5.3325 5 1 
198 44.661960 10.889476 1.61198 2 1.87511 14.73976 0 4.65248 5.3325 5 1 
199 44.621347 10.931603 2.18337 3 2.86092 12.87719 0 9.76457 7.3525 1 2 
200 44.645864 10.922327 6.17007 1 7.85673 37.57603 0 6.59389 3.7975 4 4 
201 44.643803 10.890940 2.18337 3 2.86092 12.87719 0 9.76457 7.3525 1 2 
202 44.664204 10.974826 1.26791 1 3.04286 21.33838 0 7.54948 3.3550 2 2 
203 44.626551 10.943452 6.17007 1 7.85673 37.57603 0 6.59389 3.7975 4 4 
204 44.634954 10.894250 0.71682 4 0.55814 11.9808 0 0.97351 9.3325 3 1 
205 44.641216 10.943818 2.18337 3 2.86092 12.87719 0 9.76457 7.3525 1 2 
206 44.647839 10.924372 0.71682 4 0.55814 11.9808 0 0.97351 9.3325 3 1 
207 44.656795 10.914978 1.26791 1 3.04286 21.33838 0 7.54948 3.3550 2 2 
208 44.671481 10.894920 1.26791 1 3.04286 21.33838 0 7.54948 3.3550 2 2 
209 44.640937 10.861207 0.71682 4 0.55814 11.9808 0 0.97351 9.3325 3 1 
210 44.649393 10.924580 2.18337 3 2.86092 12.87719 0 9.76457 7.3525 1 2 
211 44.595794 10.929986 1.61198 2 1.87511 14.73976 0 4.65248 5.3325 5 1 
212 44.644858 10.933528 2.18337 3 2.86092 12.87719 0 9.76457 7.3525 1 2 
213 44.643318 10.940758 2.18337 3 2.86092 12.87719 0 9.76457 7.3525 1 2 
214 44.641756 10.899191 6.17007 1 7.85673 37.57603 0 6.59389 3.7975 4 4 
215 44.646601 10.855335 2.18337 3 2.86092 12.87719 0 9.76457 7.3525 1 2 
216 44.836883 11.299507 1.26791 1 3.04286 21.33838 0 7.54948 3.3550 2 2 
217 44.642101 10.913961 0.71682 4 0.55814 11.9808 0 0.97351 9.3325 3 1 
218 44.649250 10.925743 6.17007 1 7.85673 37.57603 0 6.59389 3.7975 4 4 
219 44.660254 10.883688 1.61198 2 1.87511 14.73976 0 4.65248 5.3325 5 1 
220 44.638372 10.920484 6.17007 1 7.85673 37.57603 0 6.59389 3.7975 4 4 
221 44.650799 10.802457 1.26791 1 3.04286 21.33838 0 7.54948 3.3550 2 2 
222 44.637372 10.797124 6.17007 1 7.85673 37.57603 0 6.59389 3.7975 4 4 
223 44.657234 10.864061 0.71682 4 0.55814 11.9808 0 0.97351 9.3325 3 1 
224 44.632161 10.795203 1.26791 1 3.04286 21.33838 0 7.54948 3.3550 2 2 
225 44.605376 10.997620 2.18337 3 2.86092 12.87719 0 9.76457 7.3525 1 2 
226 44.641108 10.804805 1.61198 2 1.87511 14.73976 0 4.65248 5.3325 5 1 
227 44.579704 10.945882 6.17007 1 7.85673 37.57603 0 6.59389 3.7975 4 4 
228 44.640743 10.908169 6.17007 1 7.85673 37.57603 0 6.59389 3.7975 4 4 
229 44.660671 10.960148 2.18337 3 2.86092 12.87719 0 9.76457 7.3525 1 2 
230 44.646504 10.840999 6.17007 1 7.85673 37.57603 0 6.59389 3.7975 4 4 
231 44.636657 10.910483 1.26791 1 3.04286 21.33838 0 7.54948 3.3550 2 2 
232 44.640316 10.972176 0.71682 4 0.55814 11.9808 0 0.97351 9.3325 3 1 
233 44.611956 10.890166 1.26791 1 3.04286 21.33838 0 7.54948 3.3550 2 2 
234 44.654678 10.942877 2.18337 3 2.86092 12.87719 0 9.76457 7.3525 1 2 
235 44.659551 10.898291 1.61198 2 1.87511 14.73976 0 4.65248 5.3325 5 1 
236 44.621395 10.917592 2.18337 3 2.86092 12.87719 0 9.76457 7.3525 1 2 
237 44.658013 10.947920 1.26791 1 3.04286 21.33838 0 7.54948 3.3550 2 2 
238 44.635945 10.948656 6.17007 1 7.85673 37.57603 0 6.59389 3.7975 4 4 
239 44.657915 10.914884 0.71682 4 0.55814 11.9808 0 0.97351 9.3325 3 1 
240 44.624450 10.911829 6.17007 1 7.85673 37.57603 0 6.59389 3.7975 4 4 
241 44.600898 10.981489 2.18337 3 2.86092 12.87719 0 9.76457 7.3525 1 2 
242 44.623420 10.916989 1.61198 2 1.87511 14.73976 0 4.65248 5.3325 5 1 
243 44.626591 10.919601 6.17007 1 7.85673 37.57603 0 6.59389 3.7975 4 4 
244 44.580577 10.939358 1.26791 1 3.04286 21.33838 0 7.54948 3.3550 2 2 
245 44.662299 10.963512 1.26791 1 3.04286 21.33838 0 7.54948 3.3550 2 2 
246 44.659824 10.910984 6.17007 1 7.85673 37.57603 0 6.59389 3.7975 4 4 
247 44.656542 10.947323 2.18337 3 2.86092 12.87719 0 9.76457 7.3525 1 2 
248 44.654136 10.918169 2.18337 3 2.86092 12.87719 0 9.76457 7.3525 1 2 
249 44.651868 10.919224 1.26791 1 3.04286 21.33838 0 7.54948 3.3550 2 2 
250 44.628088 10.916608 1.61198 2 1.87511 14.73976 0 4.65248 5.3325 5 1 
251 44.647459 10.922236 0.71682 4 0.55814 11.9808 0 0.97351 9.3325 3 1 
252 44.626559 10.927149 1.61198 2 1.87511 14.73976 0 4.65248 5.3325 5 1 
253 44.606329 10.970405 1.26791 1 3.04286 21.33838 0 7.54948 3.3550 2 2 
254 44.747142 10.976170 2.18337 3 2.86092 12.87719 0 9.76457 7.3525 1 2 
255 44.647162 10.927196 0.71682 4 0.55814 11.9808 0 0.97351 9.3325 3 1 
256 44.624878 10.930252 1.61198 2 1.87511 14.73976 0 4.65248 5.3325 5 1 
257 44.656419 10.909598 2.18337 3 2.86092 12.87719 0 9.76457 7.3525 1 2 
258 44.882211 11.059934 1.61198 2 1.87511 14.73976 0 4.65248 5.3325 5 1 
259 44.616847 10.909007 6.17007 1 7.85673 37.57603 0 6.59389 3.7975 4 4 
260 44.675603 11.016675 2.18337 3 2.86092 12.87719 0 9.76457 7.3525 1 2 
261 44.645862 10.943654 6.17007 1 7.85673 37.57603 0 6.59389 3.7975 4 4 
262 44.646353 10.922097 6.17007 1 7.85673 37.57603 0 6.59389 3.7975 4 4 
263 44.647028 10.899999 6.17007 1 7.85673 37.57603 0 6.59389 3.7975 4 4 
264 44.640370 10.942235 6.17007 1 7.85673 37.57603 0 6.59389 3.7975 4 4 
265 44.656842 10.944167 1.61198 2 1.87511 14.73976 0 4.65248 5.3325 5 1 
266 44.656819 10.911915 1.61198 2 1.87511 14.73976 0 4.65248 5.3325 5 1 
267 44.634377 10.894371 1.61198 2 1.87511 14.73976 0 4.65248 5.3325 5 1 
268 44.627169 10.922451 1.61198 2 1.87511 14.73976 0 4.65248 5.3325 5 1 
269 44.622959 10.928795 6.17007 1 7.85673 37.57603 0 6.59389 3.7975 4 4 
270 44.626159 10.928194 2.18337 3 2.86092 12.87719 0 9.76457 7.3525 1 2 
271 44.652905 10.932157 0.71682 4 0.55814 11.9808 0 0.97351 9.3325 3 1 
272 44.652963 10.941439 0.71682 4 0.55814 11.9808 0 0.97351 9.3325 3 1 
273 44.661399 10.965329 6.17007 1 7.85673 37.57603 0 6.59389 3.7975 4 4 
274 44.653388 10.940172 1.26791 1 3.04286 21.33838 0 7.54948 3.3550 2 2 
275 44.613206 10.846712 6.17007 1 7.85673 37.57603 0 6.59389 3.7975 4 4 
276 44.628203 10.940386 0.71682 4 0.55814 11.9808 0 0.97351 9.3325 3 1 
277 44.555647 10.793730 6.17007 1 7.85673 37.57603 0 6.59389 3.7975 4 4 
278 44.622621 10.975875 2.18337 3 2.86092 12.87719 0 9.76457 7.3525 1 2 
279 44.657019 10.893371 0.71682 4 0.55814 11.9808 0 0.97351 9.3325 3 1 
280 44.659895 10.899966 1.61198 2 1.87511 14.73976 0 4.65248 5.3325 5 1 
281 44.640218 10.913038 6.17007 1 7.85673 37.57603 0 6.59389 3.7975 4 4 
282 44.631654 10.918496 2.18337 3 2.86092 12.87719 0 9.76457 7.3525 1 2 
283 44.658759 10.903604 0.71682 4 0.55814 11.9808 0 0.97351 9.3325 3 1 
284 44.874220 11.131523 2.18337 3 2.86092 12.87719 0 9.76457 7.3525 1 2 
285 44.619935 10.923400 6.17007 1 7.85673 37.57603 0 6.59389 3.7975 4 4 
286 44.649567 10.901025 2.18337 3 2.86092 12.87719 0 9.76457 7.3525 1 2 
287 44.650847 10.960200 2.18337 3 2.86092 12.87719 0 9.76457 7.3525 1 2 
288 44.659639 10.875012 0.71682 4 0.55814 11.9808 0 0.97351 9.3325 3 1 
289 44.638905 10.945953 6.17007 1 7.85673 37.57603 0 6.59389 3.7975 4 4 
290 44.657512 10.889531 6.17007 1 7.85673 37.57603 0 6.59389 3.7975 4 4 
291 44.658364 10.903374 0.71682 4 0.55814 11.9808 0 0.97351 9.3325 3 1 
292 44.808582 10.837993 0.71682 4 0.55814 11.9808 0 0.97351 9.3325 3 1 
293 44.629683 10.924988 2.18337 3 2.86092 12.87719 0 9.76457 7.3525 1 2 
294 44.635215 10.970154 0.71682 4 0.55814 11.9808 0 0.97351 9.3325 3 1 
295 44.609587 10.864279 2.18337 3 2.86092 12.87719 0 9.76457 7.3525 1 2 
296 44.608845 10.865446 1.26791 1 3.04286 21.33838 0 7.54948 3.3550 2 2 
297 44.560000 11.026496 6.17007 1 7.85673 37.57603 0 6.59389 3.7975 4 4 
298 44.658690 10.932794 1.61198 2 1.87511 14.73976 0 4.65248 5.3325 5 1 
299 44.637135 10.912478 2.18337 3 2.86092 12.87719 0 9.76457 7.3525 1 2 
300 44.877803 11.073044 1.61198 2 1.87511 14.73976 0 4.65248 5.3325 5 1 
301 44.654331 10.881274 1.26791 1 3.04286 21.33838 0 7.54948 3.3550 2 2 
302 44.636749 10.932037 2.18337 3 2.86092 12.87719 0 9.76457 7.3525 1 2 
303 44.650747 10.897213 0.71682 4 0.55814 11.9808 0 0.97351 9.3325 3 1 
304 44.655725 10.924865 1.61198 2 1.87511 14.73976 0 4.65248 5.3325 5 1 
305 44.659895 10.899966 0.71682 4 0.55814 11.9808 0 0.97351 9.3325 3 1 
306 44.653254 10.932656 1.61198 2 1.87511 14.73976 0 4.65248 5.3325 5 1 
307 44.670308 11.043170 0.71682 4 0.55814 11.9808 0 0.97351 9.3325 3 1 
308 44.691359 10.846343 1.26791 1 3.04286 21.33838 0 7.54948 3.3550 2 2 
309 44.627167 10.952076 2.18337 3 2.86092 12.87719 0 9.76457 7.3525 1 2 
310 44.688568 10.916532 1.61198 2 1.87511 14.73976 0 4.65248 5.3325 5 1 
311 44.656430 10.935697 0.71682 4 0.55814 11.9808 0 0.97351 9.3325 3 1 
312 44.594598 10.958338 1.61198 2 1.87511 14.73976 0 4.65248 5.3325 5 1 
313 44.693870 10.965992 6.17007 1 7.85673 37.57603 0 6.59389 3.7975 4 4 
314 44.653310 10.921860 6.17007 1 7.85673 37.57603 0 6.59389 3.7975 4 4 
315 44.626534 10.941492 1.26791 1 3.04286 21.33838 0 7.54948 3.3550 2 2 
316 44.726204 11.040994 2.18337 3 2.86092 12.87719 0 9.76457 7.3525 1 2 
317 44.536092 10.785718 2.18337 3 2.86092 12.87719 0 9.76457 7.3525 1 2 
318 44.645877 10.928974 2.18337 3 2.86092 12.87719 0 9.76457 7.3525 1 2 
319 44.633702 10.918978 1.26791 1 3.04286 21.33838 0 7.54948 3.3550 2 2 
320 44.695732 10.985324 0.71682 4 0.55814 11.9808 0 0.97351 9.3325 3 1 
321 44.661768 10.943031 1.26791 1 3.04286 21.33838 0 7.54948 3.3550 2 2 
322 44.649759 10.900387 0.71682 4 0.55814 11.9808 0 0.97351 9.3325 3 1 
323 44.645606 10.841911 2.18337 3 2.86092 12.87719 0 9.76457 7.3525 1 2 
324 44.646676 10.924996 6.17007 1 7.85673 37.57603 0 6.59389 3.7975 4 4 
325 44.350279 10.570652 1.26791 1 3.04286 21.33838 0 7.54948 3.3550 2 2 
326 44.654831 10.929634 0.71682 4 0.55814 11.9808 0 0.97351 9.3325 3 1 
327 44.673515 11.012144 1.61198 2 1.87511 14.73976 0 4.65248 5.3325 5 1 
328 44.593203 10.947346 2.18337 3 2.86092 12.87719 0 9.76457 7.3525 1 2 
329 44.646258 10.920909 1.61198 2 1.87511 14.73976 0 4.65248 5.3325 5 1 
330 44.613327 10.938955 1.61198 2 1.87511 14.73976 0 4.65248 5.3325 5 1 
331 44.648069 10.922534 6.17007 1 7.85673 37.57603 0 6.59389 3.7975 4 4 
332 44.231260 10.653671 1.61198 2 1.87511 14.73976 0 4.65248 5.3325 5 1 
333 44.650462 10.919184 6.17007 1 7.85673 37.57603 0 6.59389 3.7975 4 4 
334 44.530164 10.863294 1.26791 1 3.04286 21.33838 0 7.54948 3.3550 2 2 
335 44.690262 10.969892 1.26791 1 3.04286 21.33838 0 7.54948 3.3550 2 2 
336 44.620976 10.920928 2.18337 3 2.86092 12.87719 0 9.76457 7.3525 1 2 
337 44.647465 10.926259 6.17007 1 7.85673 37.57603 0 6.59389 3.7975 4 4 
338 44.661734 10.894775 2.18337 3 2.86092 12.87719 0 9.76457 7.3525 1 2 
339 44.641623 10.913198 1.26791 1 3.04286 21.33838 0 7.54948 3.3550 2 2 
340 44.710831 10.893089 1.61198 2 1.87511 14.73976 0 4.65248 5.3325 5 1 
341 44.634045 10.937597 1.26791 1 3.04286 21.33838 0 7.54948 3.3550 2 2 
342 44.620512 10.912136 1.26791 1 3.04286 21.33838 0 7.54948 3.3550 2 2 
343 44.649967 10.907460 0.71682 4 0.55814 11.9808 0 0.97351 9.3325 3 1 
344 44.651057 10.936047 1.26791 1 3.04286 21.33838 0 7.54948 3.3550 2 2 
345 44.632033 10.921797 1.26791 1 3.04286 21.33838 0 7.54948 3.3550 2 2 
346 44.637525 10.928231 6.17007 1 7.85673 37.57603 0 6.59389 3.7975 4 4 
347 44.588975 10.953107 0.71682 4 0.55814 11.9808 0 0.97351 9.3325 3 1 
348 44.542617 10.943059 6.17007 1 7.85673 37.57603 0 6.59389 3.7975 4 4 
349 44.667212 10.938491 6.17007 1 7.85673 37.57603 0 6.59389 3.7975 4 4 
350 44.658389 10.930665 2.18337 3 2.86092 12.87719 0 9.76457 7.3525 1 2 
351 44.639677 10.958649 6.17007 1 7.85673 37.57603 0 6.59389 3.7975 4 4 
352 44.652534 10.931085 1.26791 1 3.04286 21.33838 0 7.54948 3.3550 2 2 
353 44.666557 10.913467 0.71682 4 0.55814 11.9808 0 0.97351 9.3325 3 1 
354 44.655052 10.895586 0.71682 4 0.55814 11.9808 0 0.97351 9.3325 3 1 
355 44.857534 11.205391 6.17007 1 7.85673 37.57603 0 6.59389 3.7975 4 4 
356 44.637011 10.903547 1.61198 2 1.87511 14.73976 0 4.65248 5.3325 5 1 
357 44.638285 10.894099 1.61198 2 1.87511 14.73976 0 4.65248 5.3325 5 1 
358 44.500456 11.021603 0.71682 4 0.55814 11.9808 0 0.97351 9.3325 3 1 
359 44.641964 10.923701 1.26791 1 3.04286 21.33838 0 7.54948 3.3550 2 2 
360 44.634406 10.975937 1.26791 1 3.04286 21.33838 0 7.54948 3.3550 2 2 
361 44.636391 10.935298 6.17007 1 7.85673 37.57603 0 6.59389 3.7975 4 4 
362 44.653016 10.926072 1.61198 2 1.87511 14.73976 0 4.65248 5.3325 5 1 
363 44.637602 10.909784 6.17007 1 7.85673 37.57603 0 6.59389 3.7975 4 4 
364 44.647885 10.927507 1.61198 2 1.87511 14.73976 0 4.65248 5.3325 5 1 
365 44.647346 10.929423 1.26791 1 3.04286 21.33838 0 7.54948 3.3550 2 2 
366 44.657133 10.901686 1.26791 1 3.04286 21.33838 0 7.54948 3.3550 2 2 
367 44.621012 10.917444 6.17007 1 7.85673 37.57603 0 6.59389 3.7975 4 4 
368 44.611158 10.892885 1.61198 2 1.87511 14.73976 0 4.65248 5.3325 5 1 
369 44.643622 10.924285 1.26791 1 3.04286 21.33838 0 7.54948 3.3550 2 2 
370 44.645527 10.929868 2.18337 3 2.86092 12.87719 0 9.76457 7.3525 1 2 
371 44.675251 11.032612 2.18337 3 2.86092 12.87719 0 9.76457 7.3525 1 2 
372 44.644582 10.916699 1.61198 2 1.87511 14.73976 0 4.65248 5.3325 5 1 
373 44.684926 10.967801 0.71682 4 0.55814 11.9808 0 0.97351 9.3325 3 1 
374 44.704257 10.946627 1.26791 1 3.04286 21.33838 0 7.54948 3.3550 2 2 
375 44.643125 10.923329 0.71682 4 0.55814 11.9808 0 0.97351 9.3325 3 1 
376 44.644201 10.921690 1.26791 1 3.04286 21.33838 0 7.54948 3.3550 2 2 
377 44.634073 10.933342 1.26791 1 3.04286 21.33838 0 7.54948 3.3550 2 2 
378 44.653741 10.915598 1.61198 2 1.87511 14.73976 0 4.65248 5.3325 5 1 
379 44.635764 10.971245 1.61198 2 1.87511 14.73976 0 4.65248 5.3325 5 1 
380 44.632720 10.904139 1.26791 1 3.04286 21.33838 0 7.54948 3.3550 2 2 
381 44.621414 10.938813 2.18337 3 2.86092 12.87719 0 9.76457 7.3525 1 2 
382 44.667430 10.911528 6.17007 1 7.85673 37.57603 0 6.59389 3.7975 4 4 
383 44.632796 10.961863 1.26791 1 3.04286 21.33838 0 7.54948 3.3550 2 2 
384 44.639686 10.959344 6.17007 1 7.85673 37.57603 0 6.59389 3.7975 4 4 
385 44.631749 10.916527 1.61198 2 1.87511 14.73976 0 4.65248 5.3325 5 1 
386 44.617164 10.871696 1.26791 1 3.04286 21.33838 0 7.54948 3.3550 2 2 
387 44.788902 11.135891 6.17007 1 7.85673 37.57603 0 6.59389 3.7975 4 4 
388 44.643308 10.929525 6.17007 1 7.85673 37.57603 0 6.59389 3.7975 4 4 
389 44.639516 10.937508 1.61198 2 1.87511 14.73976 0 4.65248 5.3325 5 1 
390 44.606553 10.863299 2.18337 3 2.86092 12.87719 0 9.76457 7.3525 1 2 
391 44.651742 10.927013 1.61198 2 1.87511 14.73976 0 4.65248 5.3325 5 1 
392 44.655270 10.962604 6.17007 1 7.85673 37.57603 0 6.59389 3.7975 4 4 
393 44.628194 10.942825 6.17007 1 7.85673 37.57603 0 6.59389 3.7975 4 4 
394 44.643971 10.931975 0.71682 4 0.55814 11.9808 0 0.97351 9.3325 3 1 
395 44.641140 10.967674 6.17007 1 7.85673 37.57603 0 6.59389 3.7975 4 4 
396 44.650909 10.902984 1.26791 1 3.04286 21.33838 0 7.54948 3.3550 2 2 
397 44.629040 10.975422 0.71682 4 0.55814 11.9808 0 0.97351 9.3325 3 1 
398 44.627388 10.947458 1.26791 1 3.04286 21.33838 0 7.54948 3.3550 2 2 
399 44.628293 10.922684 6.17007 1 7.85673 37.57603 0 6.59389 3.7975 4 4 
400 44.585973 10.971270 1.61198 2 1.87511 14.73976 0 4.65248 5.3325 5 1 
401 44.645877 10.928974 6.17007 1 7.85673 37.57603 0 6.59389 3.7975 4 4 
402 44.591613 10.957505 1.61198 2 1.87511 14.73976 0 4.65248 5.3325 5 1 
403 44.714071 10.898405 1.26791 1 3.04286 21.33838 0 7.54948 3.3550 2 2 
404 44.601415 10.977811 0.71682 4 0.55814 11.9808 0 0.97351 9.3325 3 1 
405 44.602597 10.971684 1.26791 1 3.04286 21.33838 0 7.54948 3.3550 2 2 
406 44.627301 10.903417 1.61198 2 1.87511 14.73976 0 4.65248 5.3325 5 1 
407 44.641374 10.919607 1.61198 2 1.87511 14.73976 0 4.65248 5.3325 5 1 
408 44.620273 10.890021 6.17007 1 7.85673 37.57603 0 6.59389 3.7975 4 4 
409 44.651426 10.931734 1.61198 2 1.87511 14.73976 0 4.65248 5.3325 5 1 
410 44.649934 10.932892 1.26791 1 3.04286 21.33838 0 7.54948 3.3550 2 2 
411 44.640750 10.819774 1.26791 1 3.04286 21.33838 0 7.54948 3.3550 2 2 
412 44.659224 10.892006 2.18337 3 2.86092 12.87719 0 9.76457 7.3525 1 2 
413 44.602907 10.970402 1.26791 1 3.04286 21.33838 0 7.54948 3.3550 2 2 
414 44.657704 10.913445 1.26791 1 3.04286 21.33838 0 7.54948 3.3550 2 2 
415 44.635985 10.956004 1.61198 2 1.87511 14.73976 0 4.65248 5.3325 5 1 
416 44.638667 10.931792 6.17007 1 7.85673 37.57603 0 6.59389 3.7975 4 4 
417 44.638321 10.908776 1.61198 2 1.87511 14.73976 0 4.65248 5.3325 5 1 
418 44.547036 10.791965 6.17007 1 7.85673 37.57603 0 6.59389 3.7975 4 4 
419 44.599069 10.980159 0.71682 4 0.55814 11.9808 0 0.97351 9.3325 3 1 
420 44.601714 10.971095 6.17007 1 7.85673 37.57603 0 6.59389 3.7975 4 4 
421 44.635966 10.934109 1.61198 2 1.87511 14.73976 0 4.65248 5.3325 5 1 
422 44.543522 10.781224 6.17007 1 7.85673 37.57603 0 6.59389 3.7975 4 4 
423 44.527046 10.874341 1.26791 1 3.04286 21.33838 0 7.54948 3.3550 2 2 
424 44.629612 10.951159 1.26791 1 3.04286 21.33838 0 7.54948 3.3550 2 2 
425 44.631288 10.903670 0.71682 4 0.55814 11.9808 0 0.97351 9.3325 3 1 
426 44.630385 10.922742 1.61198 2 1.87511 14.73976 0 4.65248 5.3325 5 1 
427 44.576465 10.839595 6.17007 1 7.85673 37.57603 0 6.59389 3.7975 4 4 
428 44.668651 10.933893 0.71682 4 0.55814 11.9808 0 0.97351 9.3325 3 1 
429 44.645988 10.925689 0.71682 4 0.55814 11.9808 0 0.97351 9.3325 3 1 
430 44.609512 10.989024 1.61198 2 1.87511 14.73976 0 4.65248 5.3325 5 1 
431 44.645791 10.920157 0.71682 4 0.55814 11.9808 0 0.97351 9.3325 3 1 
432 44.634697 10.906682 1.26791 1 3.04286 21.33838 0 7.54948 3.3550 2 2 
433 44.666354 10.935281 2.18337 3 2.86092 12.87719 0 9.76457 7.3525 1 2 
434 44.640826 10.908093 0.71682 4 0.55814 11.9808 0 0.97351 9.3325 3 1 
435 44.646686 10.932939 0.71682 4 0.55814 11.9808 0 0.97351 9.3325 3 1 
436 44.617017 10.932033 1.61198 2 1.87511 14.73976 0 4.65248 5.3325 5 1 
437 44.638480 10.899030 1.61198 2 1.87511 14.73976 0 4.65248 5.3325 5 1 
438 44.646026 10.846565 0.71682 4 0.55814 11.9808 0 0.97351 9.3325 3 1 
439 44.629577 10.870020 1.26791 1 3.04286 21.33838 0 7.54948 3.3550 2 2 
440 44.635558 10.907146 0.71682 4 0.55814 11.9808 0 0.97351 9.3325 3 1 
441 44.638472 10.918212 1.61198 2 1.87511 14.73976 0 4.65248 5.3325 5 1 
442 44.642117 10.964191 0.71682 4 0.55814 11.9808 0 0.97351 9.3325 3 1 
443 44.632002 10.951581 2.18337 3 2.86092 12.87719 0 9.76457 7.3525 1 2 
444 44.659502 10.901343 1.61198 2 1.87511 14.73976 0 4.65248 5.3325 5 1 
445 44.626907 10.904886 1.61198 2 1.87511 14.73976 0 4.65248 5.3325 5 1 
446 44.643637 10.929737 1.26791 1 3.04286 21.33838 0 7.54948 3.3550 2 2 
447 44.636492 10.962648 2.18337 3 2.86092 12.87719 0 9.76457 7.3525 1 2 
448 44.654604 10.959821 6.17007 1 7.85673 37.57603 0 6.59389 3.7975 4 4 
449 44.613852 10.887416 6.17007 1 7.85673 37.57603 0 6.59389 3.7975 4 4 
450 44.688915 10.919713 2.18337 3 2.86092 12.87719 0 9.76457 7.3525 1 2 
451 44.674217 10.952219 6.17007 1 7.85673 37.57603 0 6.59389 3.7975 4 4 
452 44.638736 10.965669 0.71682 4 0.55814 11.9808 0 0.97351 9.3325 3 1 
453 44.550152 10.924810 6.17007 1 7.85673 37.57603 0 6.59389 3.7975 4 4 
454 44.645031 10.901825 6.17007 1 7.85673 37.57603 0 6.59389 3.7975 4 4 
455 44.648266 10.909767 1.26791 1 3.04286 21.33838 0 7.54948 3.3550 2 2 
456 44.625685 10.944142 6.17007 1 7.85673 37.57603 0 6.59389 3.7975 4 4 
457 44.640327 10.918668 6.17007 1 7.85673 37.57603 0 6.59389 3.7975 4 4 
458 44.629552 10.902643 0.71682 4 0.55814 11.9808 0 0.97351 9.3325 3 1 
459 44.600149 10.860586 1.26791 1 3.04286 21.33838 0 7.54948 3.3550 2 2 
460 44.682634 10.907414 1.26791 1 3.04286 21.33838 0 7.54948 3.3550 2 2 
461 44.640096 10.893330 1.61198 2 1.87511 14.73976 0 4.65248 5.3325 5 1 
462 44.674861 10.930522 0.71682 4 0.55814 11.9808 0 0.97351 9.3325 3 1 
463 44.618136 10.924923 6.17007 1 7.85673 37.57603 0 6.59389 3.7975 4 4 
464 44.535869 11.016590 1.61198 2 1.87511 14.73976 0 4.65248 5.3325 5 1 
465 44.640107 10.896095 0.71682 4 0.55814 11.9808 0 0.97351 9.3325 3 1 
466 44.650097 10.939213 1.26791 1 3.04286 21.33838 0 7.54948 3.3550 2 2 
467 44.645950 10.911430 2.18337 3 2.86092 12.87719 0 9.76457 7.3525 1 2 
468 44.655157 10.937415 6.17007 1 7.85673 37.57603 0 6.59389 3.7975 4 4 
469 44.621911 10.937752 1.61198 2 1.87511 14.73976 0 4.65248 5.3325 5 1 
470 44.531849 10.880748 0.71682 4 0.55814 11.9808 0 0.97351 9.3325 3 1 
471 44.626765 10.930694 2.18337 3 2.86092 12.87719 0 9.76457 7.3525 1 2 
472 44.631483 10.966768 1.61198 2 1.87511 14.73976 0 4.65248 5.3325 5 1 
473 44.704346 10.900756 1.26791 1 3.04286 21.33838 0 7.54948 3.3550 2 2 
474 44.646765 10.924365 2.18337 3 2.86092 12.87719 0 9.76457 7.3525 1 2 
475 44.287734 10.673753 2.18337 3 2.86092 12.87719 0 9.76457 7.3525 1 2 
476 44.618683 10.932906 1.61198 2 1.87511 14.73976 0 4.65248 5.3325 5 1 
477 44.684816 10.890356 1.26791 1 3.04286 21.33838 0 7.54948 3.3550 2 2 
478 44.630983 10.937609 1.26791 1 3.04286 21.33838 0 7.54948 3.3550 2 2 
479 44.586021 10.915017 2.18337 3 2.86092 12.87719 0 9.76457 7.3525 1 2 
480 44.563985 10.805434 1.61198 2 1.87511 14.73976 0 4.65248 5.3325 5 1 
481 44.636347 10.895024 1.61198 2 1.87511 14.73976 0 4.65248 5.3325 5 1 
482 44.604387 10.968903 2.18337 3 2.86092 12.87719 0 9.76457 7.3525 1 2 
483 44.655253 10.886457 1.61198 2 1.87511 14.73976 0 4.65248 5.3325 5 1 
484 44.654995 10.877398 6.17007 1 7.85673 37.57603 0 6.59389 3.7975 4 4 
485 44.645781 10.923031 0.71682 4 0.55814 11.9808 0 0.97351 9.3325 3 1 
486 44.800015 10.992203 2.18337 3 2.86092 12.87719 0 9.76457 7.3525 1 2 
487 44.622545 10.929545 1.61198 2 1.87511 14.73976 0 4.65248 5.3325 5 1 
488 44.637842 10.935338 1.26791 1 3.04286 21.33838 0 7.54948 3.3550 2 2 
489 44.628446 10.914559 2.18337 3 2.86092 12.87719 0 9.76457 7.3525 1 2 
490 44.637133 10.913905 2.18337 3 2.86092 12.87719 0 9.76457 7.3525 1 2 
491 44.633814 10.918435 6.17007 1 7.85673 37.57603 0 6.59389 3.7975 4 4 
492 44.616335 10.927542 0.71682 4 0.55814 11.9808 0 0.97351 9.3325 3 1 
493 44.697617 10.905624 2.18337 3 2.86092 12.87719 0 9.76457 7.3525 1 2 
494 44.670082 10.869722 0.71682 4 0.55814 11.9808 0 0.97351 9.3325 3 1 
495 44.637409 10.949981 6.17007 1 7.85673 37.57603 0 6.59389 3.7975 4 4 
496 44.657087 10.961335 0.71682 4 0.55814 11.9808 0 0.97351 9.3325 3 1 
497 44.618619 10.887601 1.61198 2 1.87511 14.73976 0 4.65248 5.3325 5 1 
498 44.628547 10.911876 2.18337 3 2.86092 12.87719 0 9.76457 7.3525 1 2 
499 44.672752 10.933463 1.26791 1 3.04286 21.33838 0 7.54948 3.3550 2 2 
500 44.656381 10.903127 6.17007 1 7.85673 37.57603 0 6.59389 3.7975 4 4 
501 44.656150 10.969054 2.18337 3 2.86092 12.87719 0 9.76457 7.3525 1 2 
502 44.635731 10.871516 1.26791 1 3.04286 21.33838 0 7.54948 3.3550 2 2 
503 44.633656 10.899052 1.61198 2 1.87511 14.73976 0 4.65248 5.3325 5 1 
504 44.634192 10.925248 6.17007 1 7.85673 37.57603 0 6.59389 3.7975 4 4 
505 44.646067 10.852251 2.18337 3 2.86092 12.87719 0 9.76457 7.3525 1 2 
506 44.638342 10.917931 6.17007 1 7.85673 37.57603 0 6.59389 3.7975 4 4 
507 44.656173 10.914561 1.26791 1 3.04286 21.33838 0 7.54948 3.3550 2 2 
508 44.644588 10.887783 6.17007 1 7.85673 37.57603 0 6.59389 3.7975 4 4 
509 44.652093 10.934599 2.18337 3 2.86092 12.87719 0 9.76457 7.3525 1 2 
510 44.892099 10.901418 6.17007 1 7.85673 37.57603 0 6.59389 3.7975 4 4 
511 44.651885 10.958244 1.26791 1 3.04286 21.33838 0 7.54948 3.3550 2 2 
512 44.635382 10.969646 6.17007 1 7.85673 37.57603 0 6.59389 3.7975 4 4 
513 44.536802 10.813365 2.18337 3 2.86092 12.87719 0 9.76457 7.3525 1 2 
514 44.671533 10.939246 0.71682 4 0.55814 11.9808 0 0.97351 9.3325 3 1 
515 44.512426 10.946981 1.26791 1 3.04286 21.33838 0 7.54948 3.3550 2 2 
516 44.880144 11.058174 1.26791 1 3.04286 21.33838 0 7.54948 3.3550 2 2 
517 44.659502 10.930154 1.26791 1 3.04286 21.33838 0 7.54948 3.3550 2 2 
518 44.886839 10.897389 0.71682 4 0.55814 11.9808 0 0.97351 9.3325 3 1 
519 44.624830 10.928146 6.17007 1 7.85673 37.57603 0 6.59389 3.7975 4 4 
520 44.629643 10.916028 2.18337 3 2.86092 12.87719 0 9.76457 7.3525 1 2 
521 44.654330 10.948790 1.61198 2 1.87511 14.73976 0 4.65248 5.3325 5 1 
522 44.653872 10.948739 1.61198 2 1.87511 14.73976 0 4.65248 5.3325 5 1 
523 44.653465 10.944126 6.17007 1 7.85673 37.57603 0 6.59389 3.7975 4 4 
524 44.652975 10.944591 6.17007 1 7.85673 37.57603 0 6.59389 3.7975 4 4 
525 44.654398 10.947156 1.26791 1 3.04286 21.33838 0 7.54948 3.3550 2 2 
526 44.641348 10.955361 6.17007 1 7.85673 37.57603 0 6.59389 3.7975 4 4 
527 44.644663 10.942872 1.61198 2 1.87511 14.73976 0 4.65248 5.3325 5 1 
528 44.624450 10.904349 6.17007 1 7.85673 37.57603 0 6.59389 3.7975 4 4 
529 44.658350 10.860539 2.18337 3 2.86092 12.87719 0 9.76457 7.3525 1 2 
530 44.630846 10.970793 6.17007 1 7.85673 37.57603 0 6.59389 3.7975 4 4 
531 44.664187 10.926576 1.61198 2 1.87511 14.73976 0 4.65248 5.3325 5 1 
532 44.658901 10.879782 1.61198 2 1.87511 14.73976 0 4.65248 5.3325 5 1 
533 44.643784 10.912655 1.26791 1 3.04286 21.33838 0 7.54948 3.3550 2 2 
534 44.665059 10.898412 6.17007 1 7.85673 37.57603 0 6.59389 3.7975 4 4 
535 44.507861 10.945151 6.17007 1 7.85673 37.57603 0 6.59389 3.7975 4 4 
536 44.629935 10.910739 0.71682 4 0.55814 11.9808 0 0.97351 9.3325 3 1 
537 44.579629 10.939832 1.26791 1 3.04286 21.33838 0 7.54948 3.3550 2 2 
538 44.637760 10.919078 1.26791 1 3.04286 21.33838 0 7.54948 3.3550 2 2 
539 44.883938 11.074567 0.71682 4 0.55814 11.9808 0 0.97351 9.3325 3 1 
540 44.709257 10.915417 6.17007 1 7.85673 37.57603 0 6.59389 3.7975 4 4 
541 44.643939 10.928933 1.61198 2 1.87511 14.73976 0 4.65248 5.3325 5 1 
542 44.661430 10.936986 1.26791 1 3.04286 21.33838 0 7.54948 3.3550 2 2 
543 44.638616 10.911739 6.17007 1 7.85673 37.57603 0 6.59389 3.7975 4 4 
544 44.622446 10.921893 1.26791 1 3.04286 21.33838 0 7.54948 3.3550 2 2 
545 44.644793 10.908556 1.61198 2 1.87511 14.73976 0 4.65248 5.3325 5 1 
546 44.625318 10.894154 2.18337 3 2.86092 12.87719 0 9.76457 7.3525 1 2 
547 44.646696 10.927112 1.26791 1 3.04286 21.33838 0 7.54948 3.3550 2 2 
548 44.652502 10.933116 1.26791 1 3.04286 21.33838 0 7.54948 3.3550 2 2 
549 44.585493 11.021807 0.71682 4 0.55814 11.9808 0 0.97351 9.3325 3 1 
550 44.891514 10.899811 0.71682 4 0.55814 11.9808 0 0.97351 9.3325 3 1 
551 44.625334 10.936794 6.17007 1 7.85673 37.57603 0 6.59389 3.7975 4 4 
552 44.629911 10.915059 1.61198 2 1.87511 14.73976 0 4.65248 5.3325 5 1 
553 44.652105 10.941882 6.17007 1 7.85673 37.57603 0 6.59389 3.7975 4 4 
554 44.654835 10.887203 1.61198 2 1.87511 14.73976 0 4.65248 5.3325 5 1 
555 44.659414 10.936595 2.18337 3 2.86092 12.87719 0 9.76457 7.3525 1 2 
556 44.630996 10.897647 0.71682 4 0.55814 11.9808 0 0.97351 9.3325 3 1 
557 44.690809 10.971557 6.17007 1 7.85673 37.57603 0 6.59389 3.7975 4 4 
558 44.633135 10.924720 0.71682 4 0.55814 11.9808 0 0.97351 9.3325 3 1 
559 44.669708 10.897511 6.17007 1 7.85673 37.57603 0 6.59389 3.7975 4 4 
560 44.751810 11.005553 0.71682 4 0.55814 11.9808 0 0.97351 9.3325 3 1 
561 44.659561 10.943448 6.17007 1 7.85673 37.57603 0 6.59389 3.7975 4 4 
562 44.674959 11.031031 1.61198 2 1.87511 14.73976 0 4.65248 5.3325 5 1 
563 44.604313 10.970174 1.26791 1 3.04286 21.33838 0 7.54948 3.3550 2 2 
564 44.634734 10.947882 0.71682 4 0.55814 11.9808 0 0.97351 9.3325 3 1 
565 44.644686 10.950389 1.26791 1 3.04286 21.33838 0 7.54948 3.3550 2 2 
566 44.690952 10.840938 1.26791 1 3.04286 21.33838 0 7.54948 3.3550 2 2 
567 44.647459 10.934743 1.26791 1 3.04286 21.33838 0 7.54948 3.3550 2 2 
568 44.584341 11.078741 2.18337 3 2.86092 12.87719 0 9.76457 7.3525 1 2 
569 44.647663 10.927899 1.26791 1 3.04286 21.33838 0 7.54948 3.3550 2 2 
570 44.650243 10.919688 1.26791 1 3.04286 21.33838 0 7.54948 3.3550 2 2 
571 44.670069 10.939413 2.18337 3 2.86092 12.87719 0 9.76457 7.3525 1 2 
572 44.565545 11.036248 1.26791 1 3.04286 21.33838 0 7.54948 3.3550 2 2 
573 44.607740 10.868669 1.61198 2 1.87511 14.73976 0 4.65248 5.3325 5 1 
574 44.644731 10.926218 1.61198 2 1.87511 14.73976 0 4.65248 5.3325 5 1 
575 44.666505 10.912130 2.18337 3 2.86092 12.87719 0 9.76457 7.3525 1 2 
576 44.629951 10.918383 2.18337 3 2.86092 12.87719 0 9.76457 7.3525 1 2 
577 44.613571 10.933750 1.61198 2 1.87511 14.73976 0 4.65248 5.3325 5 1 
578 44.657687 10.977480 1.61198 2 1.87511 14.73976 0 4.65248 5.3325 5 1 
579 44.630355 10.941384 1.61198 2 1.87511 14.73976 0 4.65248 5.3325 5 1 
580 44.647480 10.940212 1.26791 1 3.04286 21.33838 0 7.54948 3.3550 2 2 
581 44.652983 10.931346 1.61198 2 1.87511 14.73976 0 4.65248 5.3325 5 1 
582 44.640198 10.938021 2.18337 3 2.86092 12.87719 0 9.76457 7.3525 1 2 
583 44.838341 11.304238 1.26791 1 3.04286 21.33838 0 7.54948 3.3550 2 2 
584 44.619327 10.991242 1.61198 2 1.87511 14.73976 0 4.65248 5.3325 5 1 
585 44.653366 10.926021 6.17007 1 7.85673 37.57603 0 6.59389 3.7975 4 4 
586 44.648444 10.925599 0.71682 4 0.55814 11.9808 0 0.97351 9.3325 3 1 
587 44.655970 10.949777 1.26791 1 3.04286 21.33838 0 7.54948 3.3550 2 2 
588 44.617622 10.932177 0.71682 4 0.55814 11.9808 0 0.97351 9.3325 3 1 
589 44.658991 10.881291 0.71682 4 0.55814 11.9808 0 0.97351 9.3325 3 1 
590 44.637326 10.938163 1.61198 2 1.87511 14.73976 0 4.65248 5.3325 5 1 
591 44.627114 10.948538 0.71682 4 0.55814 11.9808 0 0.97351 9.3325 3 1 
592 44.713931 10.913336 0.71682 4 0.55814 11.9808 0 0.97351 9.3325 3 1 
593 44.641298 10.909027 0.71682 4 0.55814 11.9808 0 0.97351 9.3325 3 1 
594 44.644287 10.912538 1.26791 1 3.04286 21.33838 0 7.54948 3.3550 2 2 
595 44.647155 10.938929 0.71682 4 0.55814 11.9808 0 0.97351 9.3325 3 1 
596 44.623788 10.933311 1.26791 1 3.04286 21.33838 0 7.54948 3.3550 2 2 
597 44.628905 10.919377 2.18337 3 2.86092 12.87719 0 9.76457 7.3525 1 2 
598 44.668482 10.864839 0.71682 4 0.55814 11.9808 0 0.97351 9.3325 3 1 
599 44.689984 10.974721 1.61198 2 1.87511 14.73976 0 4.65248 5.3325 5 1 
600 44.648011 10.922960 1.26791 1 3.04286 21.33838 0 7.54948 3.3550 2 2 
601 44.641933 10.922145 2.18337 3 2.86092 12.87719 0 9.76457 7.3525 1 2 
602 44.656418 10.910370 2.18337 3 2.86092 12.87719 0 9.76457 7.3525 1 2 
603 44.644802 10.921053 1.26791 1 3.04286 21.33838 0 7.54948 3.3550 2 2 
604 44.600885 10.976948 2.18337 3 2.86092 12.87719 0 9.76457 7.3525 1 2 
605 44.648093 10.916669 1.26791 1 3.04286 21.33838 0 7.54948 3.3550 2 2 
606 44.666815 10.944716 1.61198 2 1.87511 14.73976 0 4.65248 5.3325 5 1 
607 44.654404 10.887294 1.26791 1 3.04286 21.33838 0 7.54948 3.3550 2 2 
608 44.661658 10.888580 1.61198 2 1.87511 14.73976 0 4.65248 5.3325 5 1 
609 44.631915 10.954364 6.17007 1 7.85673 37.57603 0 6.59389 3.7975 4 4 
610 44.635745 10.896464 1.26791 1 3.04286 21.33838 0 7.54948 3.3550 2 2 
611 44.621907 10.931437 1.61198 2 1.87511 14.73976 0 4.65248 5.3325 5 1 
612 44.644342 10.895220 1.26791 1 3.04286 21.33838 0 7.54948 3.3550 2 2 
613 44.653058 10.916925 1.26791 1 3.04286 21.33838 0 7.54948 3.3550 2 2 
614 44.644947 10.912165 1.61198 2 1.87511 14.73976 0 4.65248 5.3325 5 1 
615 44.644835 10.896816 1.61198 2 1.87511 14.73976 0 4.65248 5.3325 5 1 
616 44.721629 10.891531 6.17007 1 7.85673 37.57603 0 6.59389 3.7975 4 4 
617 44.664860 10.934134 0.71682 4 0.55814 11.9808 0 0.97351 9.3325 3 1 
618 44.661259 10.893564 6.17007 1 7.85673 37.57603 0 6.59389 3.7975 4 4 
619 44.637922 10.900269 2.18337 3 2.86092 12.87719 0 9.76457 7.3525 1 2 
620 44.628283 10.939207 0.71682 4 0.55814 11.9808 0 0.97351 9.3325 3 1 
621 44.621690 10.943570 6.17007 1 7.85673 37.57603 0 6.59389 3.7975 4 4 
622 44.539518 10.898830 2.18337 3 2.86092 12.87719 0 9.76457 7.3525 1 2 
623 44.668770 10.896675 1.61198 2 1.87511 14.73976 0 4.65248 5.3325 5 1 
624 44.661951 10.926243 1.26791 1 3.04286 21.33838 0 7.54948 3.3550 2 2 
625 44.533598 11.025887 2.18337 3 2.86092 12.87719 0 9.76457 7.3525 1 2 
626 44.629045 10.922147 1.61198 2 1.87511 14.73976 0 4.65248 5.3325 5 1 
627 44.633063 10.944185 1.61198 2 1.87511 14.73976 0 4.65248 5.3325 5 1 
628 44.685044 10.895386 1.26791 1 3.04286 21.33838 0 7.54948 3.3550 2 2 
629 44.636382 10.872374 6.17007 1 7.85673 37.57603 0 6.59389 3.7975 4 4 
630 44.649192 10.858874 0.71682 4 0.55814 11.9808 0 0.97351 9.3325 3 1 
631 44.632036 10.935185 2.18337 3 2.86092 12.87719 0 9.76457 7.3525 1 2 
632 44.601649 10.973504 2.18337 3 2.86092 12.87719 0 9.76457 7.3525 1 2 
633 44.599109 10.928830 2.18337 3 2.86092 12.87719 0 9.76457 7.3525 1 2 
634 44.650766 10.895095 6.17007 1 7.85673 37.57603 0 6.59389 3.7975 4 4 
635 44.603971 10.971484 0.71682 4 0.55814 11.9808 0 0.97351 9.3325 3 1 
636 44.651590 10.914133 0.71682 4 0.55814 11.9808 0 0.97351 9.3325 3 1 
637 44.646211 10.926659 2.18337 3 2.86092 12.87719 0 9.76457 7.3525 1 2 
638 44.651407 10.858080 1.26791 1 3.04286 21.33838 0 7.54948 3.3550 2 2 
639 44.647784 10.941944 2.18337 3 2.86092 12.87719 0 9.76457 7.3525 1 2 
640 44.246237 10.716472 1.26791 1 3.04286 21.33838 0 7.54948 3.3550 2 2 
641 44.642754 10.905737 0.71682 4 0.55814 11.9808 0 0.97351 9.3325 3 1 
642 44.657801 10.919527 2.18337 3 2.86092 12.87719 0 9.76457 7.3525 1 2 
643 44.591132 10.949554 6.17007 1 7.85673 37.57603 0 6.59389 3.7975 4 4 
644 44.635645 10.923698 0.71682 4 0.55814 11.9808 0 0.97351 9.3325 3 1 
645 44.645082 10.943258 0.71682 4 0.55814 11.9808 0 0.97351 9.3325 3 1 
646 44.659528 10.968969 2.18337 3 2.86092 12.87719 0 9.76457 7.3525 1 2 
647 44.614723 10.939249 1.26791 1 3.04286 21.33838 0 7.54948 3.3550 2 2 
648 44.579093 10.852981 1.26791 1 3.04286 21.33838 0 7.54948 3.3550 2 2 
649 44.631325 10.916389 6.17007 1 7.85673 37.57603 0 6.59389 3.7975 4 4 
650 44.630251 10.984282 1.26791 1 3.04286 21.33838 0 7.54948 3.3550 2 2 