800 lat long pcc pcn mem st bw sd cost service task
1 44.625262 10.893088 0.71682 4 0.55814 11.9808 0 0.97351 9.3325 3 1 
2 44.647793 10.930327 1.61198 2 1.87511 14.73976 0 4.65248 5.3325 5 1 
3 44.650514 10.938734 0.71682 4 0.55814 11.9808 0 0.97351 9.3325 3 1 
4 44.654346 10.909586 1.26791 1 3.04286 21.33838 0 7.54948 3.3550 2 2 
5 44.656694 10.898991 1.61198 2 1.87511 14.73976 0 4.65248 5.3325 5 1 
6 44.690933 10.969304 2.18337 3 2.86092 12.87719 0 9.76457 7.3525 1 2 
7 44.633450 10.924301 2.18337 3 2.86092 12.87719 0 9.76457 7.3525 1 2 
8 44.642667 10.928747 0.71682 4 0.55814 11.9808 0 0.97351 9.3325 3 1 
9 44.628245 10.808032 1.26791 1 3.04286 21.33838 0 7.54948 3.3550 2 2 
10 44.602418 10.919662 2.18337 3 2.86092 12.87719 0 9.76457 7.3525 1 2 
11 44.849179 11.069823 1.61198 2 1.87511 14.73976 0 4.65248 5.3325 5 1 
12 44.638755 10.897222 1.26791 1 3.04286 21.33838 0 7.54948 3.3550 2 2 
13 44.587891 10.946703 0.71682 4 0.55814 11.9808 0 0.97351 9.3325 3 1 
14 44.623639 10.935868 2.18337 3 2.86092 12.87719 0 9.76457 7.3525 1 2 
15 44.627010 10.940864 1.26791 1 3.04286 21.33838 0 7.54948 3.3550 2 2 
16 44.687798 10.963777 0.71682 4 0.55814 11.9808 0 0.97351 9.3325 3 1 
17 44.630468 10.935947 1.26791 1 3.04286 21.33838 0 7.54948 3.3550 2 2 
18 44.644637 10.929353 1.26791 1 3.04286 21.33838 0 7.54948 3.3550 2 2 
19 44.589114 10.858776 0.71682 4 0.55814 11.9808 0 0.97351 9.3325 3 1 
20 44.644954 10.925246 6.17007 1 7.85673 37.57603 0 6.59389 3.7975 4 4 
21 44.689813 10.913941 6.17007 1 7.85673 37.57603 0 6.59389 3.7975 4 4 
22 44.656825 10.875966 1.61198 2 1.87511 14.73976 0 4.65248 5.3325 5 1 
23 44.661508 10.889147 1.61198 2 1.87511 14.73976 0 4.65248 5.3325 5 1 
24 44.657739 10.912519 1.61198 2 1.87511 14.73976 0 4.65248 5.3325 5 1 
25 44.628634 10.939588 6.17007 1 7.85673 37.57603 0 6.59389 3.7975 4 4 
26 44.675540 11.041978 1.61198 2 1.87511 14.73976 0 4.65248 5.3325 5 1 
27 44.286752 10.672077 0.71682 4 0.55814 11.9808 0 0.97351 9.3325 3 1 
28 44.287087 10.666050 0.71682 4 0.55814 11.9808 0 0.97351 9.3325 3 1 
29 44.651896 10.917380 2.18337 3 2.86092 12.87719 0 9.76457 7.3525 1 2 
30 44.635734 10.947216 0.71682 4 0.55814 11.9808 0 0.97351 9.3325 3 1 
31 44.571934 10.844666 6.17007 1 7.85673 37.57603 0 6.59389 3.7975 4 4 
32 44.600704 10.973442 6.17007 1 7.85673 37.57603 0 6.59389 3.7975 4 4 
33 44.657643 10.949641 6.17007 1 7.85673 37.57603 0 6.59389 3.7975 4 4 
34 44.628446 10.914559 2.18337 3 2.86092 12.87719 0 9.76457 7.3525 1 2 
35 44.656930 10.898282 1.61198 2 1.87511 14.73976 0 4.65248 5.3325 5 1 
36 44.651569 10.867872 2.18337 3 2.86092 12.87719 0 9.76457 7.3525 1 2 
37 44.662918 10.925206 0.71682 4 0.55814 11.9808 0 0.97351 9.3325 3 1 
38 44.748232 11.002663 1.26791 1 3.04286 21.33838 0 7.54948 3.3550 2 2 
39 44.630666 10.909429 1.26791 1 3.04286 21.33838 0 7.54948 3.3550 2 2 
40 44.641209 10.921766 6.17007 1 7.85673 37.57603 0 6.59389 3.7975 4 4 
41 44.656308 10.896589 0.71682 4 0.55814 11.9808 0 0.97351 9.3325 3 1 
42 44.629226 10.927507 0.71682 4 0.55814 11.9808 0 0.97351 9.3325 3 1 
43 44.643386 10.932400 1.61198 2 1.87511 14.73976 0 4.65248 5.3325 5 1 
44 44.666572 10.892736 2.18337 3 2.86092 12.87719 0 9.76457 7.3525 1 2 
45 44.662543 10.890877 2.18337 3 2.86092 12.87719 0 9.76457 7.3525 1 2 
46 44.643496 10.945125 2.18337 3 2.86092 12.87719 0 9.76457 7.3525 1 2 
47 44.595485 11.035603 1.26791 1 3.04286 21.33838 0 7.54948 3.3550 2 2 
48 44.625435 10.896339 1.26791 1 3.04286 21.33838 0 7.54948 3.3550 2 2 
49 44.575189 10.919481 6.17007 1 7.85673 37.57603 0 6.59389 3.7975 4 4 
50 44.635463 10.907084 2.18337 3 2.86092 12.87719 0 9.76457 7.3525 1 2 
51 44.624635 10.940973 6.17007 1 7.85673 37.57603 0 6.59389 3.7975 4 4 
52 44.624822 10.945836 6.17007 1 7.85673 37.57603 0 6.59389 3.7975 4 4 
53 44.638496 10.856699 1.61198 2 1.87511 14.73976 0 4.65248 5.3325 5 1 
54 44.634172 10.924156 2.18337 3 2.86092 12.87719 0 9.76457 7.3525 1 2 
55 44.632706 10.948055 1.61198 2 1.87511 14.73976 0 4.65248 5.3325 5 1 
56 44.554313 10.797328 1.26791 1 3.04286 21.33838 0 7.54948 3.3550 2 2 
57 44.632474 10.934182 1.61198 2 1.87511 14.73976 0 4.65248 5.3325 5 1 
58 44.623001 10.924100 2.18337 3 2.86092 12.87719 0 9.76457 7.3525 1 2 
59 44.662103 10.964165 2.18337 3 2.86092 12.87719 0 9.76457 7.3525 1 2 
60 44.628929 10.888966 0.71682 4 0.55814 11.9808 0 0.97351 9.3325 3 1 
61 44.536086 10.820911 1.26791 1 3.04286 21.33838 0 7.54948 3.3550 2 2 
62 44.643508 10.886377 6.17007 1 7.85673 37.57603 0 6.59389 3.7975 4 4 
63 44.632606 10.952201 0.71682 4 0.55814 11.9808 0 0.97351 9.3325 3 1 
64 44.612079 10.911914 0.71682 4 0.55814 11.9808 0 0.97351 9.3325 3 1 
65 44.636847 10.905362 6.17007 1 7.85673 37.57603 0 6.59389 3.7975 4 4 
66 44.651573 10.902624 1.26791 1 3.04286 21.33838 0 7.54948 3.3550 2 2 
67 44.884381 11.060460 0.71682 4 0.55814 11.9808 0 0.97351 9.3325 3 1 
68 44.625980 10.944816 6.17007 1 7.85673 37.57603 0 6.59389 3.7975 4 4 
69 44.655157 10.937415 6.17007 1 7.85673 37.57603 0 6.59389 3.7975 4 4 
70 44.656471 10.939548 0.71682 4 0.55814 11.9808 0 0.97351 9.3325 3 1 
71 44.668201 10.936144 2.18337 3 2.86092 12.87719 0 9.76457 7.3525 1 2 
72 44.633658 10.900076 2.18337 3 2.86092 12.87719 0 9.76457 7.3525 1 2 
73 44.641038 10.891075 1.61198 2 1.87511 14.73976 0 4.65248 5.3325 5 1 
74 44.636720 10.901462 0.71682 4 0.55814 11.9808 0 0.97351 9.3325 3 1 
75 44.601834 10.957643 2.18337 3 2.86092 12.87719 0 9.76457 7.3525 1 2 
76 44.637160 10.934742 6.17007 1 7.85673 37.57603 0 6.59389 3.7975 4 4 
77 44.578835 10.829993 1.26791 1 3.04286 21.33838 0 7.54948 3.3550 2 2 
78 44.619716 10.928593 1.26791 1 3.04286 21.33838 0 7.54948 3.3550 2 2 
79 44.641515 10.891953 0.71682 4 0.55814 11.9808 0 0.97351 9.3325 3 1 
80 44.647080 10.923876 1.61198 2 1.87511 14.73976 0 4.65248 5.3325 5 1 
81 44.609558 10.850379 6.17007 1 7.85673 37.57603 0 6.59389 3.7975 4 4 
82 44.696834 10.889165 6.17007 1 7.85673 37.57603 0 6.59389 3.7975 4 4 
83 44.645148 10.888136 0.71682 4 0.55814 11.9808 0 0.97351 9.3325 3 1 
84 44.631655 10.971580 6.17007 1 7.85673 37.57603 0 6.59389 3.7975 4 4 
85 44.538036 10.793516 1.26791 1 3.04286 21.33838 0 7.54948 3.3550 2 2 
86 44.626914 10.907268 2.18337 3 2.86092 12.87719 0 9.76457 7.3525 1 2 
87 44.635266 10.928746 1.26791 1 3.04286 21.33838 0 7.54948 3.3550 2 2 
88 44.639521 10.911066 1.26791 1 3.04286 21.33838 0 7.54948 3.3550 2 2 
89 44.688568 10.916532 1.26791 1 3.04286 21.33838 0 7.54948 3.3550 2 2 
90 44.580411 10.983637 1.61198 2 1.87511 14.73976 0 4.65248 5.3325 5 1 
91 44.671741 10.866392 1.26791 1 3.04286 21.33838 0 7.54948 3.3550 2 2 
92 44.660419 10.896387 0.71682 4 0.55814 11.9808 0 0.97351 9.3325 3 1 
93 44.641915 10.915624 1.26791 1 3.04286 21.33838 0 7.54948 3.3550 2 2 
94 44.645113 10.907136 6.17007 1 7.85673 37.57603 0 6.59389 3.7975 4 4 
95 44.683176 10.896164 0.71682 4 0.55814 11.9808 0 0.97351 9.3325 3 1 
96 44.630498 10.947769 1.26791 1 3.04286 21.33838 0 7.54948 3.3550 2 2 
97 44.649044 10.900630 1.61198 2 1.87511 14.73976 0 4.65248 5.3325 5 1 
98 44.666557 10.913467 1.61198 2 1.87511 14.73976 0 4.65248 5.3325 5 1 
99 44.627757 10.918063 2.18337 3 2.86092 12.87719 0 9.76457 7.3525 1 2 
100 44.699421 10.885404 1.26791 1 3.04286 21.33838 0 7.54948 3.3550 2 2 
101 44.602478 10.860014 2.18337 3 2.86092 12.87719 0 9.76457 7.3525 1 2 
102 44.685449 10.966954 1.61198 2 1.87511 14.73976 0 4.65248 5.3325 5 1 
103 44.679437 11.040059 2.18337 3 2.86092 12.87719 0 9.76457 7.3525 1 2 
104 44.639332 10.962251 0.71682 4 0.55814 11.9808 0 0.97351 9.3325 3 1 
105 44.641242 10.890510 0.71682 4 0.55814 11.9808 0 0.97351 9.3325 3 1 
106 44.659737 10.895949 1.61198 2 1.87511 14.73976 0 4.65248 5.3325 5 1 
107 44.649479 10.938563 1.26791 1 3.04286 21.33838 0 7.54948 3.3550 2 2 
108 44.604481 10.861827 0.71682 4 0.55814 11.9808 0 0.97351 9.3325 3 1 
109 44.580008 10.911161 2.18337 3 2.86092 12.87719 0 9.76457 7.3525 1 2 
110 44.640578 10.914095 2.18337 3 2.86092 12.87719 0 9.76457 7.3525 1 2 
111 44.628713 10.922815 6.17007 1 7.85673 37.57603 0 6.59389 3.7975 4 4 
112 44.657407 10.904793 2.18337 3 2.86092 12.87719 0 9.76457 7.3525 1 2 
113 44.644122 10.942273 0.71682 4 0.55814 11.9808 0 0.97351 9.3325 3 1 
114 44.651712 10.875960 2.18337 3 2.86092 12.87719 0 9.76457 7.3525 1 2 
115 44.634426 10.871266 6.17007 1 7.85673 37.57603 0 6.59389 3.7975 4 4 
116 44.789957 10.875245 1.61198 2 1.87511 14.73976 0 4.65248 5.3325 5 1 
117 44.658793 10.904980 1.26791 1 3.04286 21.33838 0 7.54948 3.3550 2 2 
118 44.642029 10.962812 1.26791 1 3.04286 21.33838 0 7.54948 3.3550 2 2 
119 44.632273 10.868276 6.17007 1 7.85673 37.57603 0 6.59389 3.7975 4 4 
120 44.649407 10.921292 1.26791 1 3.04286 21.33838 0 7.54948 3.3550 2 2 
121 44.625274 10.929279 6.17007 1 7.85673 37.57603 0 6.59389 3.7975 4 4 
122 44.656379 10.890524 0.71682 4 0.55814 11.9808 0 0.97351 9.3325 3 1 
123 44.608459 10.978220 6.17007 1 7.85673 37.57603 0 6.59389 3.7975 4 4 
124 44.692672 10.967912 2.18337 3 2.86092 12.87719 0 9.76457 7.3525 1 2 
125 44.658118 10.932318 1.26791 1 3.04286 21.33838 0 7.54948 3.3550 2 2 
126 44.679634 10.946879 6.17007 1 7.85673 37.57603 0 6.59389 3.7975 4 4 
127 44.644888 10.922599 1.61198 2 1.87511 14.73976 0 4.65248 5.3325 5 1 
128 44.645348 10.917547 1.26791 1 3.04286 21.33838 0 7.54948 3.3550 2 2 
129 44.633436 10.903916 2.18337 3 2.86092 12.87719 0 9.76457 7.3525 1 2 
130 44.662176 10.929089 1.61198 2 1.87511 14.73976 0 4.65248 5.3325 5 1 
131 44.655713 10.898435 6.17007 1 7.85673 37.57603 0 6.59389 3.7975 4 4 
132 44.649814 10.918457 1.26791 1 3.04286 21.33838 0 7.54948 3.3550 2 2 
133 44.639744 10.909265 1.61198 2 1.87511 14.73976 0 4.65248 5.3325 5 1 
134 44.587664 10.970517 0.71682 4 0.55814 11.9808 0 0.97351 9.3325 3 1 
135 44.625470 10.942371 1.26791 1 3.04286 21.33838 0 7.54948 3.3550 2 2 
136 44.652115 10.899743 6.17007 1 7.85673 37.57603 0 6.59389 3.7975 4 4 
137 44.672678 10.951920 2.18337 3 2.86092 12.87719 0 9.76457 7.3525 1 2 
138 44.633974 10.935704 2.18337 3 2.86092 12.87719 0 9.76457 7.3525 1 2 
139 44.620782 11.040734 6.17007 1 7.85673 37.57603 0 6.59389 3.7975 4 4 
140 44.642255 10.945016 1.26791 1 3.04286 21.33838 0 7.54948 3.3550 2 2 
141 44.647343 10.927732 0.71682 4 0.55814 11.9808 0 0.97351 9.3325 3 1 
142 44.629115 10.941370 2.18337 3 2.86092 12.87719 0 9.76457 7.3525 1 2 
143 44.877277 11.071046 0.71682 4 0.55814 11.9808 0 0.97351 9.3325 3 1 
144 44.643751 10.942125 6.17007 1 7.85673 37.57603 0 6.59389 3.7975 4 4 
145 44.659868 10.931842 1.61198 2 1.87511 14.73976 0 4.65248 5.3325 5 1 
146 44.882503 11.066729 0.71682 4 0.55814 11.9808 0 0.97351 9.3325 3 1 
147 44.727825 10.919785 1.26791 1 3.04286 21.33838 0 7.54948 3.3550 2 2 
148 44.660306 10.965302 6.17007 1 7.85673 37.57603 0 6.59389 3.7975 4 4 
149 44.676031 11.032249 6.17007 1 7.85673 37.57603 0 6.59389 3.7975 4 4 
150 44.689272 10.916227 0.71682 4 0.55814 11.9808 0 0.97351 9.3325 3 1 
151 44.629051 10.925539 1.26791 1 3.04286 21.33838 0 7.54948 3.3550 2 2 
152 44.646018 10.923316 2.18337 3 2.86092 12.87719 0 9.76457 7.3525 1 2 
153 44.612507 10.983511 1.61198 2 1.87511 14.73976 0 4.65248 5.3325 5 1 
154 44.652496 10.931752 1.61198 2 1.87511 14.73976 0 4.65248 5.3325 5 1 
155 44.645163 10.909004 2.18337 3 2.86092 12.87719 0 9.76457 7.3525 1 2 
156 44.651934 10.928912 2.18337 3 2.86092 12.87719 0 9.76457 7.3525 1 2 
157 44.638153 10.913149 6.17007 1 7.85673 37.57603 0 6.59389 3.7975 4 4 
158 44.649723 10.920020 2.18337 3 2.86092 12.87719 0 9.76457 7.3525 1 2 
159 44.652880 10.934645 6.17007 1 7.85673 37.57603 0 6.59389 3.7975 4 4 
160 44.637494 10.935028 1.26791 1 3.04286 21.33838 0 7.54948 3.3550 2 2 
161 44.634089 10.916551 1.61198 2 1.87511 14.73976 0 4.65248 5.3325 5 1 
162 44.632542 10.935307 0.71682 4 0.55814 11.9808 0 0.97351 9.3325 3 1 
163 44.644637 10.934088 6.17007 1 7.85673 37.57603 0 6.59389 3.7975 4 4 
164 44.659200 10.933352 1.61198 2 1.87511 14.73976 0 4.65248 5.3325 5 1 
165 44.656419 10.909598 1.26791 1 3.04286 21.33838 0 7.54948 3.3550 2 2 
166 44.639710 10.948131 1.61198 2 1.87511 14.73976 0 4.65248 5.3325 5 1 
167 44.628419 10.912597 2.18337 3 2.86092 12.87719 0 9.76457 7.3525 1 2 
168 44.623780 10.917712 2.18337 3 2.86092 12.87719 0 9.76457 7.3525 1 2 
169 44.645879 10.930202 2.18337 3 2.86092 12.87719 0 9.76457 7.3525 1 2 
170 44.638511 10.873769 2.18337 3 2.86092 12.87719 0 9.76457 7.3525 1 2 
171 44.625556 10.894379 2.18337 3 2.86092 12.87719 0 9.76457 7.3525 1 2 
172 44.641763 10.939536 2.18337 3 2.86092 12.87719 0 9.76457 7.3525 1 2 
173 44.695435 10.875618 1.26791 1 3.04286 21.33838 0 7.54948 3.3550 2 2 
174 44.633370 10.946570 6.17007 1 7.85673 37.57603 0 6.59389 3.7975 4 4 
175 44.594989 11.037887 0.71682 4 0.55814 11.9808 0 0.97351 9.3325 3 1 
176 44.660409 10.962256 1.61198 2 1.87511 14.73976 0 4.65248 5.3325 5 1 
177 44.659720 10.920255 1.26791 1 3.04286 21.33838 0 7.54948 3.3550 2 2 
178 44.660123 10.911161 1.61198 2 1.87511 14.73976 0 4.65248 5.3325 5 1 
179 44.626128 10.929277 1.61198 2 1.87511 14.73976 0 4.65248 5.3325 5 1 
180 44.636780 10.930377 1.61198 2 1.87511 14.73976 0 4.65248 5.3325 5 1 
181 44.645871 10.915881 1.61198 2 1.87511 14.73976 0 4.65248 5.3325 5 1 
182 44.650372 10.898436 1.61198 2 1.87511 14.73976 0 4.65248 5.3325 5 1 
183 44.651835 10.933512 2.18337 3 2.86092 12.87719 0 9.76457 7.3525 1 2 
184 44.634077 10.950419 2.18337 3 2.86092 12.87719 0 9.76457 7.3525 1 2 
185 44.622888 10.891130 6.17007 1 7.85673 37.57603 0 6.59389 3.7975 4 4 
186 44.636236 10.921261 1.26791 1 3.04286 21.33838 0 7.54948 3.3550 2 2 
187 44.509709 10.950041 6.17007 1 7.85673 37.57603 0 6.59389 3.7975 4 4 
188 44.893451 11.065997 6.17007 1 7.85673 37.57603 0 6.59389 3.7975 4 4 
189 44.641216 10.943818 1.26791 1 3.04286 21.33838 0 7.54948 3.3550 2 2 
190 44.641960 10.966249 6.17007 1 7.85673 37.57603 0 6.59389 3.7975 4 4 
191 44.630155 10.960969 6.17007 1 7.85673 37.57603 0 6.59389 3.7975 4 4 
192 44.678212 10.952872 1.26791 1 3.04286 21.33838 0 7.54948 3.3550 2 2 
193 44.655040 10.905814 0.71682 4 0.55814 11.9808 0 0.97351 9.3325 3 1 
194 44.655574 10.900547 0.71682 4 0.55814 11.9808 0 0.97351 9.3325 3 1 
195 44.603873 10.904920 1.26791 1 3.04286 21.33838 0 7.54948 3.3550 2 2 
196 44.654197 10.890697 1.26791 1 3.04286 21.33838 0 7.54948 3.3550 2 2 
197 44.628309 10.969620 2.18337 3 2.86092 12.87719 0 9.76457 7.3525 1 2 
198 44.881357 10.887794 1.26791 1 3.04286 21.33838 0 7.54948 3.3550 2 2 
199 44.635521 10.902887 1.61198 2 1.87511 14.73976 0 4.65248 5.3325 5 1 
200 44.635164 10.869587 0.71682 4 0.55814 11.9808 0 0.97351 9.3325 3 1 
201 44.647051 10.916171 0.71682 4 0.55814 11.9808 0 0.97351 9.3325 3 1 
202 44.619566 10.934006 1.26791 1 3.04286 21.33838 0 7.54948 3.3550 2 2 
203 44.310038 10.792578 1.61198 2 1.87511 14.73976 0 4.65248 5.3325 5 1 
204 44.709584 10.902220 0.71682 4 0.55814 11.9808 0 0.97351 9.3325 3 1 
205 44.602274 10.969724 6.17007 1 7.85673 37.57603 0 6.59389 3.7975 4 4 
206 44.638403 10.876708 0.71682 4 0.55814 11.9808 0 0.97351 9.3325 3 1 
207 44.655428 10.872448 1.61198 2 1.87511 14.73976 0 4.65248 5.3325 5 1 
208 44.646758 10.928595 6.17007 1 7.85673 37.57603 0 6.59389 3.7975 4 4 
209 44.659276 10.892642 1.61198 2 1.87511 14.73976 0 4.65248 5.3325 5 1 
210 44.612217 10.909517 6.17007 1 7.85673 37.57603 0 6.59389 3.7975 4 4 
211 44.646341 10.925073 1.26791 1 3.04286 21.33838 0 7.54948 3.3550 2 2 
212 44.623009 10.948569 6.17007 1 7.85673 37.57603 0 6.59389 3.7975 4 4 
213 44.678060 10.893056 2.18337 3 2.86092 12.87719 0 9.76457 7.3525 1 2 
214 44.647191 10.919890 6.17007 1 7.85673 37.57603 0 6.59389 3.7975 4 4 
215 44.675135 10.959429 1.26791 1 3.04286 21.33838 0 7.54948 3.3550 2 2 
216 44.723040 10.900088 1.61198 2 1.87511 14.73976 0 4.65248 5.3325 5 1 
217 44.643934 10.929792 6.17007 1 7.85673 37.57603 0 6.59389 3.7975 4 4 
218 44.661620 10.892461 6.17007 1 7.85673 37.57603 0 6.59389 3.7975 4 4 
219 44.639786 10.891890 6.17007 1 7.85673 37.57603 0 6.59389 3.7975 4 4 
220 44.643031 10.934915 0.71682 4 0.55814 11.9808 0 0.97351 9.3325 3 1 
221 44.661658 10.888580 0.71682 4 0.55814 11.9808 0 0.97351 9.3325 3 1 
222 44.661748 10.908158 1.61198 2 1.87511 14.73976 0 4.65248 5.3325 5 1 
223 44.636547 10.933714 1.61198 2 1.87511 14.73976 0 4.65248 5.3325 5 1 
224 44.662142 10.929289 1.61198 2 1.87511 14.73976 0 4.65248 5.3325 5 1 
225 44.628160 10.892855 0.71682 4 0.55814 11.9808 0 0.97351 9.3325 3 1 
226 44.657913 10.903107 1.61198 2 1.87511 14.73976 0 4.65248 5.3325 5 1 
227 44.643877 10.926382 1.26791 1 3.04286 21.33838 0 7.54948 3.3550 2 2 
228 44.632230 10.947447 6.17007 1 7.85673 37.57603 0 6.59389 3.7975 4 4 
229 44.637345 10.917497 1.26791 1 3.04286 21.33838 0 7.54948 3.3550 2 2 
230 44.637662 10.940099 1.26791 1 3.04286 21.33838 0 7.54948 3.3550 2 2 
231 44.639564 10.907711 2.18337 3 2.86092 12.87719 0 9.76457 7.3525 1 2 
232 44.668256 10.930643 1.61198 2 1.87511 14.73976 0 4.65248 5.3325 5 1 
233 44.645819 10.930726 6.17007 1 7.85673 37.57603 0 6.59389 3.7975 4 4 
234 44.646381 10.918656 1.26791 1 3.04286 21.33838 0 7.54948 3.3550 2 2 
235 44.661960 10.889476 1.61198 2 1.87511 14.73976 0 4.65248 5.3325 5 1 
236 44.629817 10.911359 1.61198 2 1.87511 14.73976 0 4.65248 5.3325 5 1 
237 44.634838 10.974548 0.71682 4 0.55814 11.9808 0 0.97351 9.3325 3 1 
238 44.595873 10.974174 6.17007 1 7.85673 37.57603 0 6.59389 3.7975 4 4 
239 44.645864 10.922327 1.61198 2 1.87511 14.73976 0 4.65248 5.3325 5 1 
240 44.643803 10.890940 0.71682 4 0.55814 11.9808 0 0.97351 9.3325 3 1 
241 44.664204 10.974826 1.61198 2 1.87511 14.73976 0 4.65248 5.3325 5 1 
242 44.626551 10.943452 6.17007 1 7.85673 37.57603 0 6.59389 3.7975 4 4 
243 44.622090 10.926164 1.26791 1 3.04286 21.33838 0 7.54948 3.3550 2 2 
244 44.634954 10.894250 1.61198 2 1.87511 14.73976 0 4.65248 5.3325 5 1 
245 44.706670 11.104341 2.18337 3 2.86092 12.87719 0 9.76457 7.3525 1 2 
246 44.647839 10.924372 1.61198 2 1.87511 14.73976 0 4.65248 5.3325 5 1 
247 44.645533 10.972414 1.61198 2 1.87511 14.73976 0 4.65248 5.3325 5 1 
248 44.661757 10.893162 1.26791 1 3.04286 21.33838 0 7.54948 3.3550 2 2 
249 44.656795 10.914978 0.71682 4 0.55814 11.9808 0 0.97351 9.3325 3 1 
250 44.671481 10.894920 0.71682 4 0.55814 11.9808 0 0.97351 9.3325 3 1 
251 44.662918 10.925206 0.71682 4 0.55814 11.9808 0 0.97351 9.3325 3 1 
252 44.646286 10.850892 2.18337 3 2.86092 12.87719 0 9.76457 7.3525 1 2 
253 44.640937 10.861207 6.17007 1 7.85673 37.57603 0 6.59389 3.7975 4 4 
254 44.369246 10.661461 1.26791 1 3.04286 21.33838 0 7.54948 3.3550 2 2 
255 44.642490 10.932997 1.26791 1 3.04286 21.33838 0 7.54948 3.3550 2 2 
256 44.595794 10.929986 6.17007 1 7.85673 37.57603 0 6.59389 3.7975 4 4 
257 44.639989 10.926191 1.26791 1 3.04286 21.33838 0 7.54948 3.3550 2 2 
258 44.644858 10.933528 6.17007 1 7.85673 37.57603 0 6.59389 3.7975 4 4 
259 44.643318 10.940758 2.18337 3 2.86092 12.87719 0 9.76457 7.3525 1 2 
260 44.641756 10.899191 6.17007 1 7.85673 37.57603 0 6.59389 3.7975 4 4 
261 44.836883 11.299507 6.17007 1 7.85673 37.57603 0 6.59389 3.7975 4 4 
262 44.658186 10.902136 1.26791 1 3.04286 21.33838 0 7.54948 3.3550 2 2 
263 44.642101 10.913961 2.18337 3 2.86092 12.87719 0 9.76457 7.3525 1 2 
264 44.649250 10.925743 1.26791 1 3.04286 21.33838 0 7.54948 3.3550 2 2 
265 44.887139 11.065114 1.61198 2 1.87511 14.73976 0 4.65248 5.3325 5 1 
266 44.660254 10.883688 6.17007 1 7.85673 37.57603 0 6.59389 3.7975 4 4 
267 44.676294 10.934989 1.61198 2 1.87511 14.73976 0 4.65248 5.3325 5 1 
268 44.638372 10.920484 1.61198 2 1.87511 14.73976 0 4.65248 5.3325 5 1 
269 44.598609 10.959842 2.18337 3 2.86092 12.87719 0 9.76457 7.3525 1 2 
270 44.650799 10.802457 1.26791 1 3.04286 21.33838 0 7.54948 3.3550 2 2 
271 44.572426 10.941783 0.71682 4 0.55814 11.9808 0 0.97351 9.3325 3 1 
272 44.657234 10.864061 2.18337 3 2.86092 12.87719 0 9.76457 7.3525 1 2 
273 44.632161 10.795203 0.71682 4 0.55814 11.9808 0 0.97351 9.3325 3 1 
274 44.605376 10.997620 2.18337 3 2.86092 12.87719 0 9.76457 7.3525 1 2 
275 44.641108 10.804805 1.61198 2 1.87511 14.73976 0 4.65248 5.3325 5 1 
276 44.579704 10.945882 2.18337 3 2.86092 12.87719 0 9.76457 7.3525 1 2 
277 44.640743 10.908169 1.61198 2 1.87511 14.73976 0 4.65248 5.3325 5 1 
278 44.603635 10.863614 1.61198 2 1.87511 14.73976 0 4.65248 5.3325 5 1 
279 44.660671 10.960148 1.61198 2 1.87511 14.73976 0 4.65248 5.3325 5 1 
280 44.665161 10.855601 1.61198 2 1.87511 14.73976 0 4.65248 5.3325 5 1 
281 44.611956 10.890166 0.71682 4 0.55814 11.9808 0 0.97351 9.3325 3 1 
282 44.654678 10.942877 0.71682 4 0.55814 11.9808 0 0.97351 9.3325 3 1 
283 44.645480 10.924387 6.17007 1 7.85673 37.57603 0 6.59389 3.7975 4 4 
284 44.659551 10.898291 2.18337 3 2.86092 12.87719 0 9.76457 7.3525 1 2 
285 44.621395 10.917592 6.17007 1 7.85673 37.57603 0 6.59389 3.7975 4 4 
286 44.635945 10.948656 1.61198 2 1.87511 14.73976 0 4.65248 5.3325 5 1 
287 44.657915 10.914884 1.26791 1 3.04286 21.33838 0 7.54948 3.3550 2 2 
288 44.624450 10.911829 1.61198 2 1.87511 14.73976 0 4.65248 5.3325 5 1 
289 44.636898 10.955762 1.61198 2 1.87511 14.73976 0 4.65248 5.3325 5 1 
290 44.627781 10.934815 0.71682 4 0.55814 11.9808 0 0.97351 9.3325 3 1 
291 44.517551 10.859047 6.17007 1 7.85673 37.57603 0 6.59389 3.7975 4 4 
292 44.651619 10.804524 1.61198 2 1.87511 14.73976 0 4.65248 5.3325 5 1 
293 44.688732 10.921788 6.17007 1 7.85673 37.57603 0 6.59389 3.7975 4 4 
294 44.623420 10.916989 0.71682 4 0.55814 11.9808 0 0.97351 9.3325 3 1 
295 44.626591 10.919601 0.71682 4 0.55814 11.9808 0 0.97351 9.3325 3 1 
296 44.579737 10.841449 1.26791 1 3.04286 21.33838 0 7.54948 3.3550 2 2 
297 44.662299 10.963512 6.17007 1 7.85673 37.57603 0 6.59389 3.7975 4 4 
298 44.638479 10.957922 0.71682 4 0.55814 11.9808 0 0.97351 9.3325 3 1 
299 44.630928 10.901713 1.61198 2 1.87511 14.73976 0 4.65248 5.3325 5 1 
300 44.638193 10.949588 0.71682 4 0.55814 11.9808 0 0.97351 9.3325 3 1 
301 44.659824 10.910984 0.71682 4 0.55814 11.9808 0 0.97351 9.3325 3 1 
302 44.656542 10.947323 2.18337 3 2.86092 12.87719 0 9.76457 7.3525 1 2 
303 44.643665 10.903189 2.18337 3 2.86092 12.87719 0 9.76457 7.3525 1 2 
304 44.654136 10.918169 1.26791 1 3.04286 21.33838 0 7.54948 3.3550 2 2 
305 44.651868 10.919224 0.71682 4 0.55814 11.9808 0 0.97351 9.3325 3 1 
306 44.628088 10.916608 1.26791 1 3.04286 21.33838 0 7.54948 3.3550 2 2 
307 44.647459 10.922236 6.17007 1 7.85673 37.57603 0 6.59389 3.7975 4 4 
308 44.626559 10.927149 0.71682 4 0.55814 11.9808 0 0.97351 9.3325 3 1 
309 44.636656 10.874929 1.26791 1 3.04286 21.33838 0 7.54948 3.3550 2 2 
310 44.606329 10.970405 0.71682 4 0.55814 11.9808 0 0.97351 9.3325 3 1 
311 44.614015 10.951830 1.61198 2 1.87511 14.73976 0 4.65248 5.3325 5 1 
312 44.747142 10.976170 0.71682 4 0.55814 11.9808 0 0.97351 9.3325 3 1 
313 44.624878 10.930252 6.17007 1 7.85673 37.57603 0 6.59389 3.7975 4 4 
314 44.656419 10.909598 1.26791 1 3.04286 21.33838 0 7.54948 3.3550 2 2 
315 44.628273 10.918385 1.61198 2 1.87511 14.73976 0 4.65248 5.3325 5 1 
316 44.882211 11.059934 0.71682 4 0.55814 11.9808 0 0.97351 9.3325 3 1 
317 44.683930 10.869963 1.61198 2 1.87511 14.73976 0 4.65248 5.3325 5 1 
318 44.629552 10.902643 2.18337 3 2.86092 12.87719 0 9.76457 7.3525 1 2 
319 44.634261 10.870183 6.17007 1 7.85673 37.57603 0 6.59389 3.7975 4 4 
320 44.616847 10.909007 1.61198 2 1.87511 14.73976 0 4.65248 5.3325 5 1 
321 44.679100 11.030249 2.18337 3 2.86092 12.87719 0 9.76457 7.3525 1 2 
322 44.651670 10.894234 6.17007 1 7.85673 37.57603 0 6.59389 3.7975 4 4 
323 44.638668 10.897724 6.17007 1 7.85673 37.57603 0 6.59389 3.7975 4 4 
324 44.646353 10.922097 1.61198 2 1.87511 14.73976 0 4.65248 5.3325 5 1 
325 44.647028 10.899999 0.71682 4 0.55814 11.9808 0 0.97351 9.3325 3 1 
326 44.640370 10.942235 0.71682 4 0.55814 11.9808 0 0.97351 9.3325 3 1 
327 44.656842 10.944167 6.17007 1 7.85673 37.57603 0 6.59389 3.7975 4 4 
328 44.630360 10.921717 2.18337 3 2.86092 12.87719 0 9.76457 7.3525 1 2 
329 44.656819 10.911915 1.61198 2 1.87511 14.73976 0 4.65248 5.3325 5 1 
330 44.634377 10.894371 6.17007 1 7.85673 37.57603 0 6.59389 3.7975 4 4 
331 44.627169 10.922451 6.17007 1 7.85673 37.57603 0 6.59389 3.7975 4 4 
332 44.839309 11.305532 0.71682 4 0.55814 11.9808 0 0.97351 9.3325 3 1 
333 44.689256 10.920358 2.18337 3 2.86092 12.87719 0 9.76457 7.3525 1 2 
334 44.626159 10.928194 0.71682 4 0.55814 11.9808 0 0.97351 9.3325 3 1 
335 44.645292 10.941505 1.61198 2 1.87511 14.73976 0 4.65248 5.3325 5 1 
336 44.652905 10.932157 6.17007 1 7.85673 37.57603 0 6.59389 3.7975 4 4 
337 44.664070 10.922878 2.18337 3 2.86092 12.87719 0 9.76457 7.3525 1 2 
338 44.661399 10.965329 0.71682 4 0.55814 11.9808 0 0.97351 9.3325 3 1 
339 44.636715 10.935783 1.61198 2 1.87511 14.73976 0 4.65248 5.3325 5 1 
340 44.628203 10.940386 6.17007 1 7.85673 37.57603 0 6.59389 3.7975 4 4 
341 44.555647 10.793730 1.26791 1 3.04286 21.33838 0 7.54948 3.3550 2 2 
342 44.622621 10.975875 2.18337 3 2.86092 12.87719 0 9.76457 7.3525 1 2 
343 44.622406 10.890925 2.18337 3 2.86092 12.87719 0 9.76457 7.3525 1 2 
344 44.633486 10.917572 2.18337 3 2.86092 12.87719 0 9.76457 7.3525 1 2 
345 44.646389 10.918171 6.17007 1 7.85673 37.57603 0 6.59389 3.7975 4 4 
346 44.657019 10.893371 6.17007 1 7.85673 37.57603 0 6.59389 3.7975 4 4 
347 44.640218 10.913038 6.17007 1 7.85673 37.57603 0 6.59389 3.7975 4 4 
348 44.639584 10.954861 1.61198 2 1.87511 14.73976 0 4.65248 5.3325 5 1 
349 44.656001 10.892861 6.17007 1 7.85673 37.57603 0 6.59389 3.7975 4 4 
350 44.831965 11.292386 2.18337 3 2.86092 12.87719 0 9.76457 7.3525 1 2 
351 44.874220 11.131523 1.26791 1 3.04286 21.33838 0 7.54948 3.3550 2 2 
352 44.600294 10.976759 1.26791 1 3.04286 21.33838 0 7.54948 3.3550 2 2 
353 44.619935 10.923400 6.17007 1 7.85673 37.57603 0 6.59389 3.7975 4 4 
354 44.659110 10.970314 1.61198 2 1.87511 14.73976 0 4.65248 5.3325 5 1 
355 44.650847 10.960200 0.71682 4 0.55814 11.9808 0 0.97351 9.3325 3 1 
356 44.662057 10.942532 2.18337 3 2.86092 12.87719 0 9.76457 7.3525 1 2 
357 44.659639 10.875012 1.61198 2 1.87511 14.73976 0 4.65248 5.3325 5 1 
358 44.638905 10.945953 2.18337 3 2.86092 12.87719 0 9.76457 7.3525 1 2 
359 44.660299 10.894826 6.17007 1 7.85673 37.57603 0 6.59389 3.7975 4 4 
360 44.808582 10.837993 1.61198 2 1.87511 14.73976 0 4.65248 5.3325 5 1 
361 44.630057 10.914521 1.61198 2 1.87511 14.73976 0 4.65248 5.3325 5 1 
362 44.651192 10.963191 0.71682 4 0.55814 11.9808 0 0.97351 9.3325 3 1 
363 44.629683 10.924988 0.71682 4 0.55814 11.9808 0 0.97351 9.3325 3 1 
364 44.635215 10.970154 0.71682 4 0.55814 11.9808 0 0.97351 9.3325 3 1 
365 44.609587 10.864279 0.71682 4 0.55814 11.9808 0 0.97351 9.3325 3 1 
366 44.608845 10.865446 6.17007 1 7.85673 37.57603 0 6.59389 3.7975 4 4 
367 44.560000 11.026496 1.26791 1 3.04286 21.33838 0 7.54948 3.3550 2 2 
368 44.658690 10.932794 1.61198 2 1.87511 14.73976 0 4.65248 5.3325 5 1 
369 44.637135 10.912478 1.61198 2 1.87511 14.73976 0 4.65248 5.3325 5 1 
370 44.877803 11.073044 1.26791 1 3.04286 21.33838 0 7.54948 3.3550 2 2 
371 44.636749 10.932037 1.26791 1 3.04286 21.33838 0 7.54948 3.3550 2 2 
372 44.635689 10.913056 1.26791 1 3.04286 21.33838 0 7.54948 3.3550 2 2 
373 44.655725 10.924865 1.26791 1 3.04286 21.33838 0 7.54948 3.3550 2 2 
374 44.653254 10.932656 6.17007 1 7.85673 37.57603 0 6.59389 3.7975 4 4 
375 44.670308 11.043170 6.17007 1 7.85673 37.57603 0 6.59389 3.7975 4 4 
376 44.643300 10.920191 1.61198 2 1.87511 14.73976 0 4.65248 5.3325 5 1 
377 44.691359 10.846343 6.17007 1 7.85673 37.57603 0 6.59389 3.7975 4 4 
378 44.656430 10.935697 1.61198 2 1.87511 14.73976 0 4.65248 5.3325 5 1 
379 44.641647 10.957794 1.26791 1 3.04286 21.33838 0 7.54948 3.3550 2 2 
380 44.594598 10.958338 1.61198 2 1.87511 14.73976 0 4.65248 5.3325 5 1 
381 44.653310 10.921860 2.18337 3 2.86092 12.87719 0 9.76457 7.3525 1 2 
382 44.634501 10.918805 0.71682 4 0.55814 11.9808 0 0.97351 9.3325 3 1 
383 44.626534 10.941492 2.18337 3 2.86092 12.87719 0 9.76457 7.3525 1 2 
384 44.562515 10.846061 6.17007 1 7.85673 37.57603 0 6.59389 3.7975 4 4 
385 44.726204 11.040994 1.26791 1 3.04286 21.33838 0 7.54948 3.3550 2 2 
386 44.536092 10.785718 6.17007 1 7.85673 37.57603 0 6.59389 3.7975 4 4 
387 44.645877 10.928974 6.17007 1 7.85673 37.57603 0 6.59389 3.7975 4 4 
388 44.632991 10.950615 2.18337 3 2.86092 12.87719 0 9.76457 7.3525 1 2 
389 44.633702 10.918978 1.26791 1 3.04286 21.33838 0 7.54948 3.3550 2 2 
390 44.661768 10.943031 0.71682 4 0.55814 11.9808 0 0.97351 9.3325 3 1 
391 44.649759 10.900387 2.18337 3 2.86092 12.87719 0 9.76457 7.3525 1 2 
392 44.645606 10.841911 2.18337 3 2.86092 12.87719 0 9.76457 7.3525 1 2 
393 44.646676 10.924996 6.17007 1 7.85673 37.57603 0 6.59389 3.7975 4 4 
394 44.620544 10.884007 6.17007 1 7.85673 37.57603 0 6.59389 3.7975 4 4 
395 44.629604 10.975063 0.71682 4 0.55814 11.9808 0 0.97351 9.3325 3 1 
396 44.350279 10.570652 0.71682 4 0.55814 11.9808 0 0.97351 9.3325 3 1 
397 44.654831 10.929634 1.26791 1 3.04286 21.33838 0 7.54948 3.3550 2 2 
398 44.673515 11.012144 6.17007 1 7.85673 37.57603 0 6.59389 3.7975 4 4 
399 44.593203 10.947346 6.17007 1 7.85673 37.57603 0 6.59389 3.7975 4 4 
400 44.613327 10.938955 1.61198 2 1.87511 14.73976 0 4.65248 5.3325 5 1 
401 44.648069 10.922534 0.71682 4 0.55814 11.9808 0 0.97351 9.3325 3 1 
402 44.650462 10.919184 1.61198 2 1.87511 14.73976 0 4.65248 5.3325 5 1 
403 44.530164 10.863294 1.61198 2 1.87511 14.73976 0 4.65248 5.3325 5 1 
404 44.623070 10.913917 6.17007 1 7.85673 37.57603 0 6.59389 3.7975 4 4 
405 44.636922 10.972156 0.71682 4 0.55814 11.9808 0 0.97351 9.3325 3 1 
406 44.647465 10.926259 6.17007 1 7.85673 37.57603 0 6.59389 3.7975 4 4 
407 44.661734 10.894775 6.17007 1 7.85673 37.57603 0 6.59389 3.7975 4 4 
408 44.578293 10.842339 1.61198 2 1.87511 14.73976 0 4.65248 5.3325 5 1 
409 44.884469 11.059152 1.26791 1 3.04286 21.33838 0 7.54948 3.3550 2 2 
410 44.641623 10.913198 6.17007 1 7.85673 37.57603 0 6.59389 3.7975 4 4 
411 44.710831 10.893089 0.71682 4 0.55814 11.9808 0 0.97351 9.3325 3 1 
412 44.630149 10.923425 6.17007 1 7.85673 37.57603 0 6.59389 3.7975 4 4 
413 44.620512 10.912136 0.71682 4 0.55814 11.9808 0 0.97351 9.3325 3 1 
414 44.649967 10.907460 0.71682 4 0.55814 11.9808 0 0.97351 9.3325 3 1 
415 44.651057 10.936047 6.17007 1 7.85673 37.57603 0 6.59389 3.7975 4 4 
416 44.632033 10.921797 0.71682 4 0.55814 11.9808 0 0.97351 9.3325 3 1 
417 44.637525 10.928231 1.26791 1 3.04286 21.33838 0 7.54948 3.3550 2 2 
418 44.588975 10.953107 1.61198 2 1.87511 14.73976 0 4.65248 5.3325 5 1 
419 44.542617 10.943059 0.71682 4 0.55814 11.9808 0 0.97351 9.3325 3 1 
420 44.667212 10.938491 2.18337 3 2.86092 12.87719 0 9.76457 7.3525 1 2 
421 44.658389 10.930665 1.26791 1 3.04286 21.33838 0 7.54948 3.3550 2 2 
422 44.639677 10.958649 0.71682 4 0.55814 11.9808 0 0.97351 9.3325 3 1 
423 44.652534 10.931085 2.18337 3 2.86092 12.87719 0 9.76457 7.3525 1 2 
424 44.666557 10.913467 1.26791 1 3.04286 21.33838 0 7.54948 3.3550 2 2 
425 44.655052 10.895586 1.61198 2 1.87511 14.73976 0 4.65248 5.3325 5 1 
426 44.857534 11.205391 1.26791 1 3.04286 21.33838 0 7.54948 3.3550 2 2 
427 44.669187 10.901785 0.71682 4 0.55814 11.9808 0 0.97351 9.3325 3 1 
428 44.637011 10.903547 2.18337 3 2.86092 12.87719 0 9.76457 7.3525 1 2 
429 44.638285 10.894099 1.61198 2 1.87511 14.73976 0 4.65248 5.3325 5 1 
430 44.500456 11.021603 1.26791 1 3.04286 21.33838 0 7.54948 3.3550 2 2 
431 44.624223 10.973547 6.17007 1 7.85673 37.57603 0 6.59389 3.7975 4 4 
432 44.580871 10.919996 1.26791 1 3.04286 21.33838 0 7.54948 3.3550 2 2 
433 44.636391 10.935298 1.61198 2 1.87511 14.73976 0 4.65248 5.3325 5 1 
434 44.637602 10.909784 1.26791 1 3.04286 21.33838 0 7.54948 3.3550 2 2 
435 44.647885 10.927507 2.18337 3 2.86092 12.87719 0 9.76457 7.3525 1 2 
436 44.647346 10.929423 0.71682 4 0.55814 11.9808 0 0.97351 9.3325 3 1 
437 44.696272 10.917355 2.18337 3 2.86092 12.87719 0 9.76457 7.3525 1 2 
438 44.631904 10.899614 0.71682 4 0.55814 11.9808 0 0.97351 9.3325 3 1 
439 44.621012 10.917444 1.26791 1 3.04286 21.33838 0 7.54948 3.3550 2 2 
440 44.642964 10.898701 1.61198 2 1.87511 14.73976 0 4.65248 5.3325 5 1 
441 44.611158 10.892885 6.17007 1 7.85673 37.57603 0 6.59389 3.7975 4 4 
442 44.644965 10.924770 1.26791 1 3.04286 21.33838 0 7.54948 3.3550 2 2 
443 44.643622 10.924285 2.18337 3 2.86092 12.87719 0 9.76457 7.3525 1 2 
444 44.604908 10.864639 6.17007 1 7.85673 37.57603 0 6.59389 3.7975 4 4 
445 44.628366 10.833977 0.71682 4 0.55814 11.9808 0 0.97351 9.3325 3 1 
446 44.645527 10.929868 2.18337 3 2.86092 12.87719 0 9.76457 7.3525 1 2 
447 44.675251 11.032612 1.61198 2 1.87511 14.73976 0 4.65248 5.3325 5 1 
448 44.644582 10.916699 1.26791 1 3.04286 21.33838 0 7.54948 3.3550 2 2 
449 44.684926 10.967801 2.18337 3 2.86092 12.87719 0 9.76457 7.3525 1 2 
450 44.704257 10.946627 2.18337 3 2.86092 12.87719 0 9.76457 7.3525 1 2 
451 44.643125 10.923329 1.61198 2 1.87511 14.73976 0 4.65248 5.3325 5 1 
452 44.644201 10.921690 2.18337 3 2.86092 12.87719 0 9.76457 7.3525 1 2 
453 44.653741 10.915598 1.61198 2 1.87511 14.73976 0 4.65248 5.3325 5 1 
454 44.635764 10.971245 1.61198 2 1.87511 14.73976 0 4.65248 5.3325 5 1 
455 44.632720 10.904139 1.61198 2 1.87511 14.73976 0 4.65248 5.3325 5 1 
456 44.621414 10.938813 1.26791 1 3.04286 21.33838 0 7.54948 3.3550 2 2 
457 44.667430 10.911528 0.71682 4 0.55814 11.9808 0 0.97351 9.3325 3 1 
458 44.639686 10.959344 2.18337 3 2.86092 12.87719 0 9.76457 7.3525 1 2 
459 44.646389 10.918171 1.61198 2 1.87511 14.73976 0 4.65248 5.3325 5 1 
460 44.642272 10.911903 0.71682 4 0.55814 11.9808 0 0.97351 9.3325 3 1 
461 44.631749 10.916527 6.17007 1 7.85673 37.57603 0 6.59389 3.7975 4 4 
462 44.617164 10.871696 0.71682 4 0.55814 11.9808 0 0.97351 9.3325 3 1 
463 44.654557 10.914575 1.26791 1 3.04286 21.33838 0 7.54948 3.3550 2 2 
464 44.899278 11.064949 1.61198 2 1.87511 14.73976 0 4.65248 5.3325 5 1 
465 44.617010 10.924227 6.17007 1 7.85673 37.57603 0 6.59389 3.7975 4 4 
466 44.650766 10.895095 2.18337 3 2.86092 12.87719 0 9.76457 7.3525 1 2 
467 44.654628 10.929789 2.18337 3 2.86092 12.87719 0 9.76457 7.3525 1 2 
468 44.639516 10.937508 2.18337 3 2.86092 12.87719 0 9.76457 7.3525 1 2 
469 44.606553 10.863299 1.61198 2 1.87511 14.73976 0 4.65248 5.3325 5 1 
470 44.651742 10.927013 2.18337 3 2.86092 12.87719 0 9.76457 7.3525 1 2 
471 44.655270 10.962604 1.26791 1 3.04286 21.33838 0 7.54948 3.3550 2 2 
472 44.640399 10.963117 0.71682 4 0.55814 11.9808 0 0.97351 9.3325 3 1 
473 44.643971 10.931975 0.71682 4 0.55814 11.9808 0 0.97351 9.3325 3 1 
474 44.641140 10.967674 1.26791 1 3.04286 21.33838 0 7.54948 3.3550 2 2 
475 44.647224 10.937482 2.18337 3 2.86092 12.87719 0 9.76457 7.3525 1 2 
476 44.578913 10.938206 0.71682 4 0.55814 11.9808 0 0.97351 9.3325 3 1 
477 44.629040 10.975422 1.61198 2 1.87511 14.73976 0 4.65248 5.3325 5 1 
478 44.627388 10.947458 1.61198 2 1.87511 14.73976 0 4.65248 5.3325 5 1 
479 44.585900 10.971445 1.61198 2 1.87511 14.73976 0 4.65248 5.3325 5 1 
480 44.627402 10.891416 6.17007 1 7.85673 37.57603 0 6.59389 3.7975 4 4 
481 44.628293 10.922684 0.71682 4 0.55814 11.9808 0 0.97351 9.3325 3 1 
482 44.850090 11.065451 2.18337 3 2.86092 12.87719 0 9.76457 7.3525 1 2 
483 44.585973 10.971270 0.71682 4 0.55814 11.9808 0 0.97351 9.3325 3 1 
484 44.670502 10.934840 6.17007 1 7.85673 37.57603 0 6.59389 3.7975 4 4 
485 44.662205 10.929626 1.26791 1 3.04286 21.33838 0 7.54948 3.3550 2 2 
486 44.645877 10.928974 6.17007 1 7.85673 37.57603 0 6.59389 3.7975 4 4 
487 44.653078 10.913648 2.18337 3 2.86092 12.87719 0 9.76457 7.3525 1 2 
488 44.714071 10.898405 1.26791 1 3.04286 21.33838 0 7.54948 3.3550 2 2 
489 44.647058 10.842760 2.18337 3 2.86092 12.87719 0 9.76457 7.3525 1 2 
490 44.615921 10.927205 2.18337 3 2.86092 12.87719 0 9.76457 7.3525 1 2 
491 44.636657 10.910483 6.17007 1 7.85673 37.57603 0 6.59389 3.7975 4 4 
492 44.601415 10.977811 1.61198 2 1.87511 14.73976 0 4.65248 5.3325 5 1 
493 44.602597 10.971684 1.61198 2 1.87511 14.73976 0 4.65248 5.3325 5 1 
494 44.627301 10.903417 1.61198 2 1.87511 14.73976 0 4.65248 5.3325 5 1 
495 44.641374 10.919607 2.18337 3 2.86092 12.87719 0 9.76457 7.3525 1 2 
496 44.620273 10.890021 0.71682 4 0.55814 11.9808 0 0.97351 9.3325 3 1 
497 44.649934 10.932892 1.26791 1 3.04286 21.33838 0 7.54948 3.3550 2 2 
498 44.640750 10.819774 0.71682 4 0.55814 11.9808 0 0.97351 9.3325 3 1 
499 44.659224 10.892006 1.26791 1 3.04286 21.33838 0 7.54948 3.3550 2 2 
500 44.602907 10.970402 6.17007 1 7.85673 37.57603 0 6.59389 3.7975 4 4 
501 44.657704 10.913445 6.17007 1 7.85673 37.57603 0 6.59389 3.7975 4 4 
502 44.885152 11.052974 6.17007 1 7.85673 37.57603 0 6.59389 3.7975 4 4 
503 44.635985 10.956004 6.17007 1 7.85673 37.57603 0 6.59389 3.7975 4 4 
504 44.638667 10.931792 0.71682 4 0.55814 11.9808 0 0.97351 9.3325 3 1 
505 44.638321 10.908776 1.61198 2 1.87511 14.73976 0 4.65248 5.3325 5 1 
506 44.730828 10.925050 6.17007 1 7.85673 37.57603 0 6.59389 3.7975 4 4 
507 44.641862 10.832317 1.26791 1 3.04286 21.33838 0 7.54948 3.3550 2 2 
508 44.595792 10.973233 6.17007 1 7.85673 37.57603 0 6.59389 3.7975 4 4 
509 44.586460 10.971802 2.18337 3 2.86092 12.87719 0 9.76457 7.3525 1 2 
510 44.547036 10.791965 1.61198 2 1.87511 14.73976 0 4.65248 5.3325 5 1 
511 44.599069 10.980159 0.71682 4 0.55814 11.9808 0 0.97351 9.3325 3 1 
512 44.601714 10.971095 1.61198 2 1.87511 14.73976 0 4.65248 5.3325 5 1 
513 44.635966 10.934109 2.18337 3 2.86092 12.87719 0 9.76457 7.3525 1 2 
514 44.543522 10.781224 0.71682 4 0.55814 11.9808 0 0.97351 9.3325 3 1 
515 44.527046 10.874341 0.71682 4 0.55814 11.9808 0 0.97351 9.3325 3 1 
516 44.628281 10.896484 6.17007 1 7.85673 37.57603 0 6.59389 3.7975 4 4 
517 44.630239 10.974414 1.26791 1 3.04286 21.33838 0 7.54948 3.3550 2 2 
518 44.537016 10.791756 2.18337 3 2.86092 12.87719 0 9.76457 7.3525 1 2 
519 44.629612 10.951159 6.17007 1 7.85673 37.57603 0 6.59389 3.7975 4 4 
520 44.631288 10.903670 2.18337 3 2.86092 12.87719 0 9.76457 7.3525 1 2 
521 44.627062 10.918328 1.61198 2 1.87511 14.73976 0 4.65248 5.3325 5 1 
522 44.630385 10.922742 1.26791 1 3.04286 21.33838 0 7.54948 3.3550 2 2 
523 44.645988 10.925689 1.26791 1 3.04286 21.33838 0 7.54948 3.3550 2 2 
524 44.890527 10.902993 1.61198 2 1.87511 14.73976 0 4.65248 5.3325 5 1 
525 44.688721 10.965529 6.17007 1 7.85673 37.57603 0 6.59389 3.7975 4 4 
526 44.643863 10.925188 1.61198 2 1.87511 14.73976 0 4.65248 5.3325 5 1 
527 44.652394 10.941063 1.26791 1 3.04286 21.33838 0 7.54948 3.3550 2 2 
528 44.645791 10.920157 0.71682 4 0.55814 11.9808 0 0.97351 9.3325 3 1 
529 44.634697 10.906682 6.17007 1 7.85673 37.57603 0 6.59389 3.7975 4 4 
530 44.666354 10.935281 6.17007 1 7.85673 37.57603 0 6.59389 3.7975 4 4 
531 44.640826 10.908093 2.18337 3 2.86092 12.87719 0 9.76457 7.3525 1 2 
532 44.646686 10.932939 1.26791 1 3.04286 21.33838 0 7.54948 3.3550 2 2 
533 44.617017 10.932033 2.18337 3 2.86092 12.87719 0 9.76457 7.3525 1 2 
534 44.638480 10.899030 6.17007 1 7.85673 37.57603 0 6.59389 3.7975 4 4 
535 44.646026 10.846565 2.18337 3 2.86092 12.87719 0 9.76457 7.3525 1 2 
536 44.639138 10.915636 0.71682 4 0.55814 11.9808 0 0.97351 9.3325 3 1 
537 44.635558 10.907146 2.18337 3 2.86092 12.87719 0 9.76457 7.3525 1 2 
538 44.642117 10.964191 1.26791 1 3.04286 21.33838 0 7.54948 3.3550 2 2 
539 44.677450 11.040029 0.71682 4 0.55814 11.9808 0 0.97351 9.3325 3 1 
540 44.659502 10.901343 1.26791 1 3.04286 21.33838 0 7.54948 3.3550 2 2 
541 44.626907 10.904886 1.61198 2 1.87511 14.73976 0 4.65248 5.3325 5 1 
542 44.628163 10.893693 0.71682 4 0.55814 11.9808 0 0.97351 9.3325 3 1 
543 44.643637 10.929737 6.17007 1 7.85673 37.57603 0 6.59389 3.7975 4 4 
544 44.636492 10.962648 0.71682 4 0.55814 11.9808 0 0.97351 9.3325 3 1 
545 44.654604 10.959821 1.26791 1 3.04286 21.33838 0 7.54948 3.3550 2 2 
546 44.613852 10.887416 1.61198 2 1.87511 14.73976 0 4.65248 5.3325 5 1 
547 44.621478 10.909658 1.26791 1 3.04286 21.33838 0 7.54948 3.3550 2 2 
548 44.638130 10.973288 0.71682 4 0.55814 11.9808 0 0.97351 9.3325 3 1 
549 44.638736 10.965669 1.26791 1 3.04286 21.33838 0 7.54948 3.3550 2 2 
550 44.550152 10.924810 6.17007 1 7.85673 37.57603 0 6.59389 3.7975 4 4 
551 44.629734 10.970472 1.26791 1 3.04286 21.33838 0 7.54948 3.3550 2 2 
552 44.645031 10.901825 1.61198 2 1.87511 14.73976 0 4.65248 5.3325 5 1 
553 44.648266 10.909767 1.26791 1 3.04286 21.33838 0 7.54948 3.3550 2 2 
554 44.625685 10.944142 2.18337 3 2.86092 12.87719 0 9.76457 7.3525 1 2 
555 44.600149 10.860586 1.61198 2 1.87511 14.73976 0 4.65248 5.3325 5 1 
556 44.682634 10.907414 1.61198 2 1.87511 14.73976 0 4.65248 5.3325 5 1 
557 44.667966 10.937350 6.17007 1 7.85673 37.57603 0 6.59389 3.7975 4 4 
558 44.655234 10.962582 1.26791 1 3.04286 21.33838 0 7.54948 3.3550 2 2 
559 44.640096 10.893330 0.71682 4 0.55814 11.9808 0 0.97351 9.3325 3 1 
560 44.674861 10.930522 1.26791 1 3.04286 21.33838 0 7.54948 3.3550 2 2 
561 44.618136 10.924923 2.18337 3 2.86092 12.87719 0 9.76457 7.3525 1 2 
562 44.535869 11.016590 6.17007 1 7.85673 37.57603 0 6.59389 3.7975 4 4 
563 44.640107 10.896095 0.71682 4 0.55814 11.9808 0 0.97351 9.3325 3 1 
564 44.650097 10.939213 0.71682 4 0.55814 11.9808 0 0.97351 9.3325 3 1 
565 44.655157 10.937415 1.61198 2 1.87511 14.73976 0 4.65248 5.3325 5 1 
566 44.660610 10.899717 2.18337 3 2.86092 12.87719 0 9.76457 7.3525 1 2 
567 44.531849 10.880748 1.61198 2 1.87511 14.73976 0 4.65248 5.3325 5 1 
568 44.631483 10.966768 6.17007 1 7.85673 37.57603 0 6.59389 3.7975 4 4 
569 44.704346 10.900756 1.26791 1 3.04286 21.33838 0 7.54948 3.3550 2 2 
570 44.646765 10.924365 1.61198 2 1.87511 14.73976 0 4.65248 5.3325 5 1 
571 44.525286 10.893328 1.26791 1 3.04286 21.33838 0 7.54948 3.3550 2 2 
572 44.653593 10.902316 2.18337 3 2.86092 12.87719 0 9.76457 7.3525 1 2 
573 44.684816 10.890356 1.61198 2 1.87511 14.73976 0 4.65248 5.3325 5 1 
574 44.630983 10.937609 6.17007 1 7.85673 37.57603 0 6.59389 3.7975 4 4 
575 44.635559 10.948633 1.61198 2 1.87511 14.73976 0 4.65248 5.3325 5 1 
576 44.563985 10.805434 6.17007 1 7.85673 37.57603 0 6.59389 3.7975 4 4 
577 44.629322 10.918539 2.18337 3 2.86092 12.87719 0 9.76457 7.3525 1 2 
578 44.652963 10.941439 0.71682 4 0.55814 11.9808 0 0.97351 9.3325 3 1 
579 44.634962 10.908556 0.71682 4 0.55814 11.9808 0 0.97351 9.3325 3 1 
580 44.655253 10.886457 1.26791 1 3.04286 21.33838 0 7.54948 3.3550 2 2 
581 44.654995 10.877398 2.18337 3 2.86092 12.87719 0 9.76457 7.3525 1 2 
582 44.645781 10.923031 1.61198 2 1.87511 14.73976 0 4.65248 5.3325 5 1 
583 44.800015 10.992203 0.71682 4 0.55814 11.9808 0 0.97351 9.3325 3 1 
584 44.622545 10.929545 6.17007 1 7.85673 37.57603 0 6.59389 3.7975 4 4 
585 44.637842 10.935338 0.71682 4 0.55814 11.9808 0 0.97351 9.3325 3 1 
586 44.627633 10.896664 6.17007 1 7.85673 37.57603 0 6.59389 3.7975 4 4 
587 44.628446 10.914559 6.17007 1 7.85673 37.57603 0 6.59389 3.7975 4 4 
588 44.637133 10.913905 1.61198 2 1.87511 14.73976 0 4.65248 5.3325 5 1 
589 44.662224 10.888894 6.17007 1 7.85673 37.57603 0 6.59389 3.7975 4 4 
590 44.633814 10.918435 1.26791 1 3.04286 21.33838 0 7.54948 3.3550 2 2 
591 44.647742 10.927925 1.61198 2 1.87511 14.73976 0 4.65248 5.3325 5 1 
592 44.616335 10.927542 1.26791 1 3.04286 21.33838 0 7.54948 3.3550 2 2 
593 44.622417 10.916021 2.18337 3 2.86092 12.87719 0 9.76457 7.3525 1 2 
594 44.697617 10.905624 1.61198 2 1.87511 14.73976 0 4.65248 5.3325 5 1 
595 44.670082 10.869722 6.17007 1 7.85673 37.57603 0 6.59389 3.7975 4 4 
596 44.637409 10.949981 1.26791 1 3.04286 21.33838 0 7.54948 3.3550 2 2 
597 44.657087 10.961335 2.18337 3 2.86092 12.87719 0 9.76457 7.3525 1 2 
598 44.618619 10.887601 6.17007 1 7.85673 37.57603 0 6.59389 3.7975 4 4 
599 44.628547 10.911876 0.71682 4 0.55814 11.9808 0 0.97351 9.3325 3 1 
600 44.672752 10.933463 1.61198 2 1.87511 14.73976 0 4.65248 5.3325 5 1 
601 44.656381 10.903127 1.61198 2 1.87511 14.73976 0 4.65248 5.3325 5 1 
602 44.633656 10.899052 1.61198 2 1.87511 14.73976 0 4.65248 5.3325 5 1 
603 44.637533 10.913619 2.18337 3 2.86092 12.87719 0 9.76457 7.3525 1 2 
604 44.631074 10.951644 6.17007 1 7.85673 37.57603 0 6.59389 3.7975 4 4 
605 44.535858 10.814282 6.17007 1 7.85673 37.57603 0 6.59389 3.7975 4 4 
606 44.546610 10.777632 1.61198 2 1.87511 14.73976 0 4.65248 5.3325 5 1 
607 44.646067 10.852251 2.18337 3 2.86092 12.87719 0 9.76457 7.3525 1 2 
608 44.638342 10.917931 0.71682 4 0.55814 11.9808 0 0.97351 9.3325 3 1 
609 44.656173 10.914561 0.71682 4 0.55814 11.9808 0 0.97351 9.3325 3 1 
610 44.644588 10.887783 1.61198 2 1.87511 14.73976 0 4.65248 5.3325 5 1 
611 44.530956 11.015722 0.71682 4 0.55814 11.9808 0 0.97351 9.3325 3 1 
612 44.892099 10.901418 0.71682 4 0.55814 11.9808 0 0.97351 9.3325 3 1 
613 44.635382 10.969646 2.18337 3 2.86092 12.87719 0 9.76457 7.3525 1 2 
614 44.536802 10.813365 2.18337 3 2.86092 12.87719 0 9.76457 7.3525 1 2 
615 44.671533 10.939246 1.61198 2 1.87511 14.73976 0 4.65248 5.3325 5 1 
616 44.512426 10.946981 1.26791 1 3.04286 21.33838 0 7.54948 3.3550 2 2 
617 44.880144 11.058174 6.17007 1 7.85673 37.57603 0 6.59389 3.7975 4 4 
618 44.651327 10.928222 6.17007 1 7.85673 37.57603 0 6.59389 3.7975 4 4 
619 44.659502 10.930154 1.61198 2 1.87511 14.73976 0 4.65248 5.3325 5 1 
620 44.624830 10.928146 1.61198 2 1.87511 14.73976 0 4.65248 5.3325 5 1 
621 44.629643 10.916028 1.26791 1 3.04286 21.33838 0 7.54948 3.3550 2 2 
622 44.635050 10.931091 6.17007 1 7.85673 37.57603 0 6.59389 3.7975 4 4 
623 44.651177 10.950521 1.61198 2 1.87511 14.73976 0 4.65248 5.3325 5 1 
624 44.654330 10.948790 6.17007 1 7.85673 37.57603 0 6.59389 3.7975 4 4 
625 44.653782 10.945181 1.61198 2 1.87511 14.73976 0 4.65248 5.3325 5 1 
626 44.651441 10.943968 1.26791 1 3.04286 21.33838 0 7.54948 3.3550 2 2 
627 44.654201 10.951187 1.61198 2 1.87511 14.73976 0 4.65248 5.3325 5 1 
628 44.652975 10.944591 1.26791 1 3.04286 21.33838 0 7.54948 3.3550 2 2 
629 44.654849 10.949426 2.18337 3 2.86092 12.87719 0 9.76457 7.3525 1 2 
630 44.653286 10.948375 1.61198 2 1.87511 14.73976 0 4.65248 5.3325 5 1 
631 44.654398 10.947156 2.18337 3 2.86092 12.87719 0 9.76457 7.3525 1 2 
632 44.640670 10.907158 1.26791 1 3.04286 21.33838 0 7.54948 3.3550 2 2 
633 44.665326 10.913667 6.17007 1 7.85673 37.57603 0 6.59389 3.7975 4 4 
634 44.641348 10.955361 1.61198 2 1.87511 14.73976 0 4.65248 5.3325 5 1 
635 44.640473 10.964498 1.26791 1 3.04286 21.33838 0 7.54948 3.3550 2 2 
636 44.738491 10.921015 1.61198 2 1.87511 14.73976 0 4.65248 5.3325 5 1 
637 44.644663 10.942872 1.61198 2 1.87511 14.73976 0 4.65248 5.3325 5 1 
638 44.647484 10.922107 1.61198 2 1.87511 14.73976 0 4.65248 5.3325 5 1 
639 44.653930 10.912998 6.17007 1 7.85673 37.57603 0 6.59389 3.7975 4 4 
640 44.624450 10.904349 6.17007 1 7.85673 37.57603 0 6.59389 3.7975 4 4 
641 44.658350 10.860539 2.18337 3 2.86092 12.87719 0 9.76457 7.3525 1 2 
642 44.630846 10.970793 6.17007 1 7.85673 37.57603 0 6.59389 3.7975 4 4 
643 44.664187 10.926576 6.17007 1 7.85673 37.57603 0 6.59389 3.7975 4 4 
644 44.658901 10.879782 1.61198 2 1.87511 14.73976 0 4.65248 5.3325 5 1 
645 44.643784 10.912655 6.17007 1 7.85673 37.57603 0 6.59389 3.7975 4 4 
646 44.665059 10.898412 1.61198 2 1.87511 14.73976 0 4.65248 5.3325 5 1 
647 44.507861 10.945151 1.26791 1 3.04286 21.33838 0 7.54948 3.3550 2 2 
648 44.641659 10.951828 2.18337 3 2.86092 12.87719 0 9.76457 7.3525 1 2 
649 44.629935 10.910739 1.61198 2 1.87511 14.73976 0 4.65248 5.3325 5 1 
650 44.603461 10.870396 6.17007 1 7.85673 37.57603 0 6.59389 3.7975 4 4 
651 44.627832 10.975776 1.61198 2 1.87511 14.73976 0 4.65248 5.3325 5 1 
652 44.524906 10.857139 2.18337 3 2.86092 12.87719 0 9.76457 7.3525 1 2 
653 44.649623 10.798980 0.71682 4 0.55814 11.9808 0 0.97351 9.3325 3 1 
654 44.637760 10.919078 1.61198 2 1.87511 14.73976 0 4.65248 5.3325 5 1 
655 44.883938 11.074567 2.18337 3 2.86092 12.87719 0 9.76457 7.3525 1 2 
656 44.642570 10.928215 1.61198 2 1.87511 14.73976 0 4.65248 5.3325 5 1 
657 44.709257 10.915417 2.18337 3 2.86092 12.87719 0 9.76457 7.3525 1 2 
658 44.643939 10.928933 1.26791 1 3.04286 21.33838 0 7.54948 3.3550 2 2 
659 44.615566 10.975004 1.26791 1 3.04286 21.33838 0 7.54948 3.3550 2 2 
660 44.661430 10.936986 6.17007 1 7.85673 37.57603 0 6.59389 3.7975 4 4 
661 44.625435 10.892523 2.18337 3 2.86092 12.87719 0 9.76457 7.3525 1 2 
662 44.638616 10.911739 2.18337 3 2.86092 12.87719 0 9.76457 7.3525 1 2 
663 44.622446 10.921893 1.26791 1 3.04286 21.33838 0 7.54948 3.3550 2 2 
664 44.647725 10.924663 1.61198 2 1.87511 14.73976 0 4.65248 5.3325 5 1 
665 44.644793 10.908556 0.71682 4 0.55814 11.9808 0 0.97351 9.3325 3 1 
666 44.625318 10.894154 1.61198 2 1.87511 14.73976 0 4.65248 5.3325 5 1 
667 44.646696 10.927112 1.61198 2 1.87511 14.73976 0 4.65248 5.3325 5 1 
668 44.652502 10.933116 0.71682 4 0.55814 11.9808 0 0.97351 9.3325 3 1 
669 44.585493 11.021807 1.26791 1 3.04286 21.33838 0 7.54948 3.3550 2 2 
670 44.891514 10.899811 2.18337 3 2.86092 12.87719 0 9.76457 7.3525 1 2 
671 44.625334 10.936794 2.18337 3 2.86092 12.87719 0 9.76457 7.3525 1 2 
672 44.640218 10.913038 1.61198 2 1.87511 14.73976 0 4.65248 5.3325 5 1 
673 44.632760 10.917931 1.61198 2 1.87511 14.73976 0 4.65248 5.3325 5 1 
674 44.631068 10.898911 2.18337 3 2.86092 12.87719 0 9.76457 7.3525 1 2 
675 44.652105 10.941882 6.17007 1 7.85673 37.57603 0 6.59389 3.7975 4 4 
676 44.641707 10.952831 1.26791 1 3.04286 21.33838 0 7.54948 3.3550 2 2 
677 44.654835 10.887203 1.61198 2 1.87511 14.73976 0 4.65248 5.3325 5 1 
678 44.659414 10.936595 2.18337 3 2.86092 12.87719 0 9.76457 7.3525 1 2 
679 44.630996 10.897647 1.26791 1 3.04286 21.33838 0 7.54948 3.3550 2 2 
680 44.614258 10.938231 2.18337 3 2.86092 12.87719 0 9.76457 7.3525 1 2 
681 44.633135 10.924720 2.18337 3 2.86092 12.87719 0 9.76457 7.3525 1 2 
682 44.669708 10.897511 1.61198 2 1.87511 14.73976 0 4.65248 5.3325 5 1 
683 44.751810 11.005553 1.61198 2 1.87511 14.73976 0 4.65248 5.3325 5 1 
684 44.659561 10.943448 1.26791 1 3.04286 21.33838 0 7.54948 3.3550 2 2 
685 44.571586 10.856023 2.18337 3 2.86092 12.87719 0 9.76457 7.3525 1 2 
686 44.674959 11.031031 1.61198 2 1.87511 14.73976 0 4.65248 5.3325 5 1 
687 44.604313 10.970174 0.71682 4 0.55814 11.9808 0 0.97351 9.3325 3 1 
688 44.634734 10.947882 0.71682 4 0.55814 11.9808 0 0.97351 9.3325 3 1 
689 44.644686 10.950389 0.71682 4 0.55814 11.9808 0 0.97351 9.3325 3 1 
690 44.690952 10.840938 0.71682 4 0.55814 11.9808 0 0.97351 9.3325 3 1 
691 44.647459 10.934743 2.18337 3 2.86092 12.87719 0 9.76457 7.3525 1 2 
692 44.646008 10.928593 1.26791 1 3.04286 21.33838 0 7.54948 3.3550 2 2 
693 44.647663 10.927899 2.18337 3 2.86092 12.87719 0 9.76457 7.3525 1 2 
694 44.686200 10.917084 1.61198 2 1.87511 14.73976 0 4.65248 5.3325 5 1 
695 44.650243 10.919688 1.61198 2 1.87511 14.73976 0 4.65248 5.3325 5 1 
696 44.670069 10.939413 6.17007 1 7.85673 37.57603 0 6.59389 3.7975 4 4 
697 44.565545 11.036248 2.18337 3 2.86092 12.87719 0 9.76457 7.3525 1 2 
698 44.607740 10.868669 0.71682 4 0.55814 11.9808 0 0.97351 9.3325 3 1 
699 44.626318 10.945224 0.71682 4 0.55814 11.9808 0 0.97351 9.3325 3 1 
700 44.567571 10.833677 1.61198 2 1.87511 14.73976 0 4.65248 5.3325 5 1 
701 44.625819 10.942849 0.71682 4 0.55814 11.9808 0 0.97351 9.3325 3 1 
702 44.629155 10.922538 2.18337 3 2.86092 12.87719 0 9.76457 7.3525 1 2 
703 44.613571 10.933750 0.71682 4 0.55814 11.9808 0 0.97351 9.3325 3 1 
704 44.657409 10.912315 2.18337 3 2.86092 12.87719 0 9.76457 7.3525 1 2 
705 44.657687 10.977480 6.17007 1 7.85673 37.57603 0 6.59389 3.7975 4 4 
706 44.630355 10.941384 1.26791 1 3.04286 21.33838 0 7.54948 3.3550 2 2 
707 44.647480 10.940212 1.26791 1 3.04286 21.33838 0 7.54948 3.3550 2 2 
708 44.652983 10.931346 6.17007 1 7.85673 37.57603 0 6.59389 3.7975 4 4 
709 44.640198 10.938021 0.71682 4 0.55814 11.9808 0 0.97351 9.3325 3 1 
710 44.838341 11.304238 0.71682 4 0.55814 11.9808 0 0.97351 9.3325 3 1 
711 44.624814 10.937688 1.61198 2 1.87511 14.73976 0 4.65248 5.3325 5 1 
712 44.619327 10.991242 1.26791 1 3.04286 21.33838 0 7.54948 3.3550 2 2 
713 44.610197 10.870414 1.61198 2 1.87511 14.73976 0 4.65248 5.3325 5 1 
714 44.653366 10.926021 2.18337 3 2.86092 12.87719 0 9.76457 7.3525 1 2 
715 44.648444 10.925599 1.26791 1 3.04286 21.33838 0 7.54948 3.3550 2 2 
716 44.575950 10.836631 2.18337 3 2.86092 12.87719 0 9.76457 7.3525 1 2 
717 44.841945 10.959503 1.26791 1 3.04286 21.33838 0 7.54948 3.3550 2 2 
718 44.655970 10.949777 6.17007 1 7.85673 37.57603 0 6.59389 3.7975 4 4 
719 44.625200 10.925519 2.18337 3 2.86092 12.87719 0 9.76457 7.3525 1 2 
720 44.647604 10.943819 1.26791 1 3.04286 21.33838 0 7.54948 3.3550 2 2 
721 44.617622 10.932177 1.61198 2 1.87511 14.73976 0 4.65248 5.3325 5 1 
722 44.658991 10.881291 0.71682 4 0.55814 11.9808 0 0.97351 9.3325 3 1 
723 44.627114 10.948538 6.17007 1 7.85673 37.57603 0 6.59389 3.7975 4 4 
724 44.713931 10.913336 2.18337 3 2.86092 12.87719 0 9.76457 7.3525 1 2 
725 44.648309 10.920084 1.26791 1 3.04286 21.33838 0 7.54948 3.3550 2 2 
726 44.649160 10.923931 2.18337 3 2.86092 12.87719 0 9.76457 7.3525 1 2 
727 44.647155 10.938929 2.18337 3 2.86092 12.87719 0 9.76457 7.3525 1 2 
728 44.628905 10.919377 0.71682 4 0.55814 11.9808 0 0.97351 9.3325 3 1 
729 44.845700 11.072764 1.26791 1 3.04286 21.33838 0 7.54948 3.3550 2 2 
730 44.667607 10.946827 2.18337 3 2.86092 12.87719 0 9.76457 7.3525 1 2 
731 44.668482 10.864839 1.61198 2 1.87511 14.73976 0 4.65248 5.3325 5 1 
732 44.652706 10.934439 2.18337 3 2.86092 12.87719 0 9.76457 7.3525 1 2 
733 44.689984 10.974721 2.18337 3 2.86092 12.87719 0 9.76457 7.3525 1 2 
734 44.631652 10.919490 1.61198 2 1.87511 14.73976 0 4.65248 5.3325 5 1 
735 44.648011 10.922960 6.17007 1 7.85673 37.57603 0 6.59389 3.7975 4 4 
736 44.641933 10.922145 0.71682 4 0.55814 11.9808 0 0.97351 9.3325 3 1 
737 44.656418 10.910370 0.71682 4 0.55814 11.9808 0 0.97351 9.3325 3 1 
738 44.644802 10.921053 1.26791 1 3.04286 21.33838 0 7.54948 3.3550 2 2 
739 44.650803 10.935173 6.17007 1 7.85673 37.57603 0 6.59389 3.7975 4 4 
740 44.600885 10.976948 1.26791 1 3.04286 21.33838 0 7.54948 3.3550 2 2 
741 44.648093 10.916669 1.61198 2 1.87511 14.73976 0 4.65248 5.3325 5 1 
742 44.595437 10.913058 2.18337 3 2.86092 12.87719 0 9.76457 7.3525 1 2 
743 44.674005 10.899461 0.71682 4 0.55814 11.9808 0 0.97351 9.3325 3 1 
744 44.666815 10.944716 2.18337 3 2.86092 12.87719 0 9.76457 7.3525 1 2 
745 44.654404 10.887294 1.61198 2 1.87511 14.73976 0 4.65248 5.3325 5 1 
746 44.631915 10.954364 1.61198 2 1.87511 14.73976 0 4.65248 5.3325 5 1 
747 44.635745 10.896464 1.61198 2 1.87511 14.73976 0 4.65248 5.3325 5 1 
748 44.621907 10.931437 6.17007 1 7.85673 37.57603 0 6.59389 3.7975 4 4 
749 44.644342 10.895220 6.17007 1 7.85673 37.57603 0 6.59389 3.7975 4 4 
750 44.644947 10.912165 2.18337 3 2.86092 12.87719 0 9.76457 7.3525 1 2 
751 44.636209 10.909265 1.26791 1 3.04286 21.33838 0 7.54948 3.3550 2 2 
752 44.644835 10.896816 6.17007 1 7.85673 37.57603 0 6.59389 3.7975 4 4 
753 44.647991 10.899833 6.17007 1 7.85673 37.57603 0 6.59389 3.7975 4 4 
754 44.721629 10.891531 1.26791 1 3.04286 21.33838 0 7.54948 3.3550 2 2 
755 44.655561 10.948998 1.26791 1 3.04286 21.33838 0 7.54948 3.3550 2 2 
756 44.664860 10.934134 2.18337 3 2.86092 12.87719 0 9.76457 7.3525 1 2 
757 44.661259 10.893564 0.71682 4 0.55814 11.9808 0 0.97351 9.3325 3 1 
758 44.637922 10.900269 2.18337 3 2.86092 12.87719 0 9.76457 7.3525 1 2 
759 44.628283 10.939207 2.18337 3 2.86092 12.87719 0 9.76457 7.3525 1 2 
760 44.621690 10.943570 6.17007 1 7.85673 37.57603 0 6.59389 3.7975 4 4 
761 44.539518 10.898830 2.18337 3 2.86092 12.87719 0 9.76457 7.3525 1 2 
762 44.668770 10.896675 6.17007 1 7.85673 37.57603 0 6.59389 3.7975 4 4 
763 44.645375 10.817861 1.26791 1 3.04286 21.33838 0 7.54948 3.3550 2 2 
764 44.661951 10.926243 1.26791 1 3.04286 21.33838 0 7.54948 3.3550 2 2 
765 44.533598 11.025887 2.18337 3 2.86092 12.87719 0 9.76457 7.3525 1 2 
766 44.629045 10.922147 1.61198 2 1.87511 14.73976 0 4.65248 5.3325 5 1 
767 44.633063 10.944185 2.18337 3 2.86092 12.87719 0 9.76457 7.3525 1 2 
768 44.674281 10.935397 6.17007 1 7.85673 37.57603 0 6.59389 3.7975 4 4 
769 44.685044 10.895386 1.61198 2 1.87511 14.73976 0 4.65248 5.3325 5 1 
770 44.636382 10.872374 2.18337 3 2.86092 12.87719 0 9.76457 7.3525 1 2 
771 44.649192 10.858874 1.61198 2 1.87511 14.73976 0 4.65248 5.3325 5 1 
772 44.632036 10.935185 0.71682 4 0.55814 11.9808 0 0.97351 9.3325 3 1 
773 44.605001 10.874091 0.71682 4 0.55814 11.9808 0 0.97351 9.3325 3 1 
774 44.601649 10.973504 6.17007 1 7.85673 37.57603 0 6.59389 3.7975 4 4 
775 44.599109 10.928830 6.17007 1 7.85673 37.57603 0 6.59389 3.7975 4 4 
776 44.620861 10.851413 0.71682 4 0.55814 11.9808 0 0.97351 9.3325 3 1 
777 44.650766 10.895095 1.61198 2 1.87511 14.73976 0 4.65248 5.3325 5 1 
778 44.603971 10.971484 1.61198 2 1.87511 14.73976 0 4.65248 5.3325 5 1 
779 44.646211 10.926659 2.18337 3 2.86092 12.87719 0 9.76457 7.3525 1 2 
780 44.651407 10.858080 1.26791 1 3.04286 21.33838 0 7.54948 3.3550 2 2 
781 44.246237 10.716472 0.71682 4 0.55814 11.9808 0 0.97351 9.3325 3 1 
782 44.789517 10.861862 1.26791 1 3.04286 21.33838 0 7.54948 3.3550 2 2 
783 44.634389 10.923058 1.61198 2 1.87511 14.73976 0 4.65248 5.3325 5 1 
784 44.642754 10.905737 2.18337 3 2.86092 12.87719 0 9.76457 7.3525 1 2 
785 44.618797 10.909824 1.61198 2 1.87511 14.73976 0 4.65248 5.3325 5 1 
786 44.657801 10.919527 1.61198 2 1.87511 14.73976 0 4.65248 5.3325 5 1 
787 44.645544 10.911004 2.18337 3 2.86092 12.87719 0 9.76457 7.3525 1 2 
788 44.591132 10.949554 6.17007 1 7.85673 37.57603 0 6.59389 3.7975 4 4 
789 44.916054 10.991907 1.26791 1 3.04286 21.33838 0 7.54948 3.3550 2 2 
790 44.635645 10.923698 1.26791 1 3.04286 21.33838 0 7.54948 3.3550 2 2 
791 44.645082 10.943258 1.26791 1 3.04286 21.33838 0 7.54948 3.3550 2 2 
792 44.659528 10.968969 1.61198 2 1.87511 14.73976 0 4.65248 5.3325 5 1 
793 44.614723 10.939249 1.61198 2 1.87511 14.73976 0 4.65248 5.3325 5 1 
794 44.579093 10.852981 0.71682 4 0.55814 11.9808 0 0.97351 9.3325 3 1 
795 44.631325 10.916389 6.17007 1 7.85673 37.57603 0 6.59389 3.7975 4 4 
796 44.652225 10.931912 0.71682 4 0.55814 11.9808 0 0.97351 9.3325 3 1 
797 44.624244 10.925712 1.26791 1 3.04286 21.33838 0 7.54948 3.3550 2 2 
798 44.834270 11.140909 0.71682 4 0.55814 11.9808 0 0.97351 9.3325 3 1 
799 44.639162 10.950306 1.26791 1 3.04286 21.33838 0 7.54948 3.3550 2 2 
800 44.659129 10.901203 2.18337 3 2.86092 12.87719 0 9.76457 7.3525 1 2 